Id;ActivityDate;TotalSteps;VeryActiveDistance;ModeratelyActiveDistance;LightActiveDistance;SedentaryActiveDistance;VeryActiveMinutes;FairlyActiveMinutes;LightlyActiveMinutes;SedentaryMinutes;Calories;TotalDistance;TotalMinutes
1503960366;12/04/2016;13162;1,879999995;0,550000012;6,059999943;0;25;13;328;728;1985;8,48999995;1094
1503960366;13/04/2016;10735;1,570000052;0,689999998;4,710000038;0;21;19;217;776;1797;6,970000088;1033
1503960366;14/04/2016;10460;2,440000057;0,400000006;3,910000086;0;30;11;181;1218;1776;6,750000149;1440
1503960366;15/04/2016;9762;2,140000105;1,25999999;2,829999924;0;29;34;209;726;1745;6,230000019;998
1503960366;16/04/2016;12669;2,710000038;0,409999996;5,039999962;0;36;10;221;773;1863;8,159999996;1040
1503960366;17/04/2016;9705;3,190000057;0,779999971;2,50999999;0;38;20;164;539;1728;6,480000019;761
1503960366;18/04/2016;13019;3,25;0,639999986;4,710000038;0;42;16;233;1149;1921;8,600000024;1440
1503960366;19/04/2016;15506;3,529999971;1,320000052;5,03000021;0;50;31;264;775;2035;9,880000234;1120
1503960366;20/04/2016;10544;1,960000038;0,479999989;4,239999771;0;28;12;205;818;1786;6,679999799;1063
1503960366;21/04/2016;9819;1,340000033;0,349999994;4,650000095;0;19;8;211;838;1775;6,340000123;1076
1503960366;22/04/2016;12764;4,760000229;1,120000005;2,24000001;0;66;27;130;1217;1827;8,120000243;1440
1503960366;23/04/2016;14371;2,809999943;0,870000005;5,360000134;0;41;21;262;732;1949;9,040000081;1056
1503960366;24/04/2016;10039;2,920000076;0,209999993;3,279999971;0;39;5;238;709;1788;6,410000041;991
1503960366;25/04/2016;15355;5,289999962;0,569999993;3,940000057;0;73;14;216;814;2013;9,800000012;1117
1503960366;26/04/2016;13755;2,329999924;0,920000017;5,539999962;0;31;23;279;833;1970;8,789999902;1166
1503960366;27/04/2016;18134;6,400000095;0,409999996;5,409999847;0;78;11;243;1108;2159;12,21999994;1440
1503960366;28/04/2016;13154;3,539999962;1,159999967;3,789999962;0;48;28;189;782;1898;8,48999989;1047
1503960366;29/04/2016;11181;1,059999943;0,5;5,579999924;0;16;12;243;815;1837;7,139999866;1086
1503960366;30/04/2016;14673;3,559999943;1,419999957;4,269999981;0;52;34;217;712;1947;9,249999881;1015
1503960366;01/05/2016;10602;2,289999962;1,600000024;2,920000076;0;33;35;246;730;1820;6,810000062;1044
1503960366;02/05/2016;14727;3,210000038;0,569999993;5,920000076;0;41;15;277;798;2004;9,700000107;1131
1503960366;03/05/2016;15103;3,730000019;1,049999952;4,880000114;0;50;24;254;816;1990;9,660000086;1144
1503960366;04/05/2016;11100;2,460000038;0,870000005;3,819999933;0;36;22;203;1179;1819;7,149999976;1440
1503960366;05/05/2016;14070;2,920000076;1,080000043;4,880000114;0;45;24;250;857;1959;8,880000234;1176
1503960366;06/05/2016;12159;1,970000029;0,25;5,809999943;0;24;6;289;754;1896;8,029999971;1073
1503960366;07/05/2016;11992;2,460000038;2,119999886;3,130000114;0;37;46;175;833;1821;7,710000038;1091
1503960366;08/05/2016;10060;3,529999971;0,319999993;2,730000019;0;44;8;203;574;1740;6,579999983;829
1503960366;09/05/2016;12022;3,450000048;0,529999971;3,74000001;0;46;11;206;835;1819;7,720000029;1098
1503960366;10/05/2016;12207;3,349999905;1,159999967;3,25999999;0;46;31;214;746;1859;7,769999862;1037
1503960366;11/05/2016;12770;2,559999943;1,00999999;4,550000191;0;36;23;251;669;1783;8,120000124;979
1503960366;12/05/2016;0;0;0;0;0;0;0;0;1440;0;0;1440
1624580081;12/04/2016;8163;0;0;5,309999943;0;0;0;146;1294;1432;5,309999943;1440
1624580081;13/04/2016;7007;0;0;4,550000191;0;0;0;148;1292;1411;4,550000191;1440
1624580081;14/04/2016;9107;0;0;5,909999847;0,01;0;0;236;1204;1572;5,919999847;1440
1624580081;15/04/2016;1510;0;0;0,970000029;0;0;0;96;1344;1344;0,970000029;1440
1624580081;16/04/2016;5370;0;0;3,49000001;0;0;0;176;1264;1463;3,49000001;1440
1624580081;17/04/2016;6175;1,029999971;1,519999981;1,49000001;0,01;15;22;127;1276;1554;4,049999962;1440
1624580081;18/04/2016;10536;2,150000095;0,620000005;4,619999886;0,01;17;7;202;1214;1604;7,399999985;1440
1624580081;19/04/2016;2916;0;0;1,899999976;0;0;0;141;1299;1435;1,899999976;1440
1624580081;20/04/2016;4974;0;0;3,230000019;0;0;0;151;1289;1446;3,230000019;1440
1624580081;21/04/2016;6349;0;0;4,110000134;0,02;0;0;186;1254;1467;4,130000133;1440
1624580081;22/04/2016;4026;0;0;2,599999905;0;0;0;199;1241;1470;2,599999905;1440
1624580081;23/04/2016;8538;0;0;5,539999962;0,01;0;0;227;1213;1562;5,549999962;1440
1624580081;24/04/2016;6076;1,149999976;0,910000026;1,889999986;0;16;18;185;1221;1617;3,949999988;1440
1624580081;25/04/2016;6497;0;0;4,199999809;0,02;0;0;202;1238;1492;4,219999809;1440
1624580081;26/04/2016;2826;0;0;1,830000043;0,01;0;0;140;1300;1402;1,840000043;1440
1624580081;27/04/2016;8367;1,110000014;1,870000005;2,460000038;0;17;36;154;1233;1670;5,440000057;1440
1624580081;28/04/2016;2759;0;0,200000003;1,600000024;0;0;5;115;1320;1401;1,800000027;1440
1624580081;29/04/2016;2390;0;0;1,549999952;0;0;0;150;1290;1404;1,549999952;1440
1624580081;30/04/2016;6474;0,899999976;1,279999971;2,119999886;0,01;11;23;224;1182;1655;4,309999833;1440
1624580081;01/05/2016;36019;21,92000008;4,190000057;1,909999967;0,02;186;63;171;1020;2690;28,0400001;1440
1624580081;02/05/2016;7155;0,860000014;0,589999974;3,470000029;0;7;6;166;1261;1497;4,920000017;1440
1624580081;03/05/2016;2100;0;0;1,340000033;0,02;0;0;96;1344;1334;1,360000033;1440
1624580081;04/05/2016;2193;0;0;1,419999957;0;0;0;118;1322;1368;1,419999957;1440
1624580081;05/05/2016;2470;0;0;1,580000043;0,02;0;0;117;1323;1370;1,600000042;1440
1624580081;06/05/2016;1727;0;0;1,120000005;0,01;0;0;102;1338;1341;1,130000005;1440
1624580081;07/05/2016;2104;0;0;1,370000005;0;0;0;182;1258;1474;1,370000005;1440
1624580081;08/05/2016;3427;0;0;2,220000029;0;0;0;152;1288;1427;2,220000029;1440
1624580081;09/05/2016;1732;0;0;1,129999995;0;0;0;91;1349;1328;1,129999995;1440
1624580081;10/05/2016;2969;0;0;1,919999957;0,01;0;0;139;1301;1393;1,929999957;1440
1624580081;11/05/2016;3134;0;0;2,039999962;0;0;0;112;1328;1359;2,039999962;1440
1624580081;12/05/2016;2971;0;0;1,919999957;0,01;0;0;107;890;1002;1,929999957;997
1644430081;12/04/2016;10694;0,140000001;2,299999952;5,329999924;0;2;51;256;1131;3199;7,769999877;1440
1644430081;13/04/2016;8001;2,279999971;0,899999976;2,640000105;0;30;16;135;1259;2902;5,820000052;1440
1644430081;14/04/2016;11037;0,360000014;2,559999943;5,099999905;0;5;58;252;1125;3226;8,019999862;1440
1644430081;15/04/2016;5263;0,219999999;0,150000006;3,450000048;0;3;4;170;1263;2750;3,820000052;1440
1644430081;16/04/2016;15300;4,099999905;1,879999995;5,090000153;0;51;42;212;1135;3493;11,07000005;1440
1644430081;17/04/2016;8757;2,25;0,569999993;3,549999952;0;29;13;186;1212;3011;6,369999945;1440
1644430081;18/04/2016;7132;1,070000052;1,669999957;2,450000048;0;15;33;121;1271;2806;5,190000057;1440
1644430081;19/04/2016;11256;0,360000014;2,529999971;5,300000191;0;5;58;278;1099;3300;8,190000176;1440
1644430081;20/04/2016;2436;0;0;1,75999999;0,01;0;0;125;1315;2430;1,76999999;1440
1644430081;21/04/2016;1223;0;0;0,879999995;0,01;0;0;38;1402;2140;0,889999995;1440
1644430081;22/04/2016;3673;0;0;2,660000086;0,01;0;0;86;1354;2344;2,670000086;1440
1644430081;23/04/2016;6637;0;0,579999983;4,25;0;0;15;160;1265;2677;4,829999983;1440
1644430081;24/04/2016;3321;0;0;2,410000086;0;0;0;89;1351;2413;2,410000086;1440
1644430081;25/04/2016;3580;0,589999974;0,059999999;1,950000048;0;8;1;94;1337;2497;2,60000002;1440
1644430081;26/04/2016;9919;0,800000012;1,720000029;4,690000057;0;11;41;223;1165;3123;7,210000098;1440
1644430081;27/04/2016;3032;0;0;2,200000048;0;0;0;118;1322;2489;2,200000048;1440
1644430081;28/04/2016;9405;0,200000003;2,319999933;4,309999943;0;3;53;227;1157;3108;6,829999879;1440
1644430081;29/04/2016;3176;0;0;2,309999943;0;0;0;120;1193;2498;2,309999943;1313
1644430081;30/04/2016;18213;0,629999995;3,140000105;9,460000038;0;9;71;402;816;3846;13,23000014;1298
1644430081;01/05/2016;6132;0,239999995;0,99000001;3,230000019;0;3;24;146;908;2696;4,460000023;1081
1644430081;02/05/2016;3758;0,07;0,310000002;2,349999905;0;1;7;148;682;2580;2,729999907;838
1644430081;03/05/2016;12850;0,720000029;4,090000153;4,539999962;0;10;94;221;1115;3324;9,350000143;1440
1644430081;04/05/2016;2309;0;0;1,659999967;0,02;0;0;52;1388;2222;1,679999966;1440
1644430081;05/05/2016;4363;0,519999981;0,540000021;2,130000114;0,01;6;12;81;1341;2463;3,200000117;1440
1644430081;06/05/2016;9787;0,819999993;0,270000011;6,010000229;0,02;11;6;369;1054;3328;7,120000232;1440
1644430081;07/05/2016;13372;3,25999999;0,790000021;5,670000076;0,01;41;17;243;1139;3404;9,730000088;1440
1644430081;08/05/2016;6724;0;0;4,880000114;0;0;0;295;991;2987;4,880000114;1286
1644430081;09/05/2016;6643;2,390000105;0,349999994;2,089999914;0,01;32;6;303;1099;3008;4,840000013;1440
1644430081;10/05/2016;9167;0,879999995;0,810000002;4,96999979;0,01;12;19;155;1254;2799;6,669999788;1440
1644430081;11/05/2016;1329;0;0;0,949999988;0,01;0;0;49;713;1276;0,959999988;762
1844505072;12/04/2016;6697;0;0;4,429999828;0;0;0;339;1101;2030;4,429999828;1440
1844505072;13/04/2016;4929;0;0;3,25999999;0;0;0;248;1192;1860;3,25999999;1440
1844505072;14/04/2016;7937;0;0;5,230000019;0;0;0;373;843;2130;5,230000019;1216
1844505072;15/04/2016;3844;0;0;2,539999962;0;0;0;176;527;1725;2,539999962;703
1844505072;16/04/2016;3414;0;0;2,25999999;0;0;0;147;1293;1657;2,25999999;1440
1844505072;17/04/2016;4525;0,140000001;0,25999999;2,589999914;0;2;8;199;1231;1793;2,989999905;1440
1844505072;18/04/2016;4597;0;0,479999989;2,559999943;0;0;12;217;1211;1814;3,039999932;1440
1844505072;19/04/2016;197;0;0;0,129999995;0;0;0;10;1430;1366;0,129999995;1440
1844505072;20/04/2016;8;0;0;0,01;0;0;0;1;1439;1349;0,01;1440
1844505072;21/04/2016;8054;0,119999997;0,519999981;4,679999828;0;2;13;308;1117;2062;5,319999807;1440
1844505072;22/04/2016;5372;0;0;3,549999952;0;0;0;220;1220;1827;3,549999952;1440
1844505072;23/04/2016;3570;0;0;2,359999895;0;0;0;139;1301;1645;2,359999895;1440
1844505072;24/04/2016;0;0;0;0;0;0;0;0;1440;1347;0;1440
1844505072;25/04/2016;0;0;0;0;0;0;0;0;1440;1347;0;1440
1844505072;26/04/2016;0;0;0;0;0;0;0;0;1440;1347;0;1440
1844505072;27/04/2016;4;0;0;0;0;0;0;1;1439;1348;0;1440
1844505072;28/04/2016;6907;0;0;4,559999943;0;0;0;302;1138;1992;4,559999943;1440
1844505072;29/04/2016;4920;0;0;3,25;0;0;0;247;1082;1856;3,25;1329
1844505072;30/04/2016;4014;0;0;2,650000095;0;0;0;184;218;1763;2,650000095;402
1844505072;01/05/2016;2573;0;0,25999999;1,450000048;0;0;7;75;585;1541;1,710000038;667
1844505072;02/05/2016;0;0;0;0;0;0;0;0;1440;1348;0;1440
1844505072;03/05/2016;4059;0;0;2,680000067;0;0;0;184;1256;1742;2,680000067;1440
1844505072;04/05/2016;2080;0;0;1,370000005;0;0;0;87;1353;1549;1,370000005;1440
1844505072;05/05/2016;2237;0;0;1,480000019;0;0;0;120;1320;1589;1,480000019;1440
1844505072;06/05/2016;44;0;0;0,029999999;0;0;0;2;1438;1351;0,029999999;1440
1844505072;07/05/2016;0;0;0;0;0;0;0;0;1440;1347;0;1440
1844505072;08/05/2016;0;0;0;0;0;0;0;0;1440;1347;0;1440
1844505072;09/05/2016;0;0;0;0;0;0;0;0;1440;1347;0;1440
1844505072;10/05/2016;0;0;0;0;0;0;0;0;1440;1347;0;1440
1844505072;11/05/2016;0;0;0;0;0;0;0;0;1440;1347;0;1440
1844505072;12/05/2016;0;0;0;0;0;0;0;0;711;665;0;711
1927972279;12/04/2016;678;0;0;0,469999999;0;0;0;55;734;2220;0,469999999;789
1927972279;13/04/2016;356;0;0;0,25;0;0;0;32;986;2151;0,25;1018
1927972279;14/04/2016;2163;0;0,400000006;1,100000024;0;0;9;88;1292;2383;1,50000003;1389
1927972279;15/04/2016;980;0;0;0,680000007;0;0;0;51;941;2221;0,680000007;992
1927972279;16/04/2016;0;0;0;0;0;0;0;0;1440;2064;0;1440
1927972279;17/04/2016;0;0;0;0;0;0;0;0;1440;2063;0;1440
1927972279;18/04/2016;244;0;0;0,170000002;0;0;0;17;1423;2111;0,170000002;1440
1927972279;19/04/2016;0;0;0;0;0;0;0;0;1440;2063;0;1440
1927972279;20/04/2016;0;0;0;0;0;0;0;0;1440;2063;0;1440
1927972279;21/04/2016;0;0;0;0;0;0;0;0;1440;2064;0;1440
1927972279;22/04/2016;149;0;0;0,100000001;0;0;0;10;1430;2093;0,100000001;1440
1927972279;23/04/2016;2945;0;0;2,039999962;0;0;0;145;1295;2499;2,039999962;1440
1927972279;24/04/2016;2090;0,07;0,239999995;1,139999986;0;1;6;75;1358;2324;1,449999981;1440
1927972279;25/04/2016;152;0;0;0,109999999;0;0;0;12;1303;2100;0,109999999;1315
1927972279;26/04/2016;3761;0;0;2,599999905;0;0;0;192;1058;2638;2,599999905;1250
1927972279;27/04/2016;0;0;0;0;0;0;0;0;1440;2063;0;1440
1927972279;28/04/2016;1675;0;0;1,159999967;0;0;0;95;1167;2351;1,159999967;1262
1927972279;29/04/2016;0;0;0;0;0;0;0;0;1440;2063;0;1440
1927972279;30/04/2016;0;0;0;0;0;0;0;0;1440;2064;0;1440
1927972279;01/05/2016;2704;1,00999999;0,029999999;0,829999983;0;14;1;70;1355;2411;1,869999973;1440
1927972279;02/05/2016;3790;1,159999967;0,300000012;1,159999967;0;16;8;94;1322;2505;2,619999945;1440
1927972279;03/05/2016;1326;0,730000019;0;0,180000007;0;10;0;17;1413;2195;0,910000026;1440
1927972279;04/05/2016;1786;0;0;1,24000001;0;0;0;87;1353;2338;1,24000001;1440
1927972279;05/05/2016;0;0;0;0;0;0;0;0;1440;2063;0;1440
1927972279;06/05/2016;2091;0;0;1,450000048;0;0;0;108;1332;2383;1,450000048;1440
1927972279;07/05/2016;1510;0;0;1,039999962;0;0;0;48;1392;2229;1,039999962;1440
1927972279;08/05/2016;0;0;0;0;0;0;0;0;1440;2063;0;1440
1927972279;09/05/2016;0;0;0;0;0;0;0;0;1440;2063;0;1440
1927972279;10/05/2016;0;0;0;0;0;0;0;0;1440;2063;0;1440
1927972279;11/05/2016;0;0;0;0;0;0;0;0;1440;2063;0;1440
1927972279;12/05/2016;0;0;0;0;0;0;0;0;966;1383;0;966
2022484408;12/04/2016;11875;3,309999943;0,769999981;4,260000229;0;42;14;227;1157;2390;8,340000153;1440
2022484408;13/04/2016;12024;2,99000001;0,100000001;5,409999847;0;43;5;292;1100;2601;8,499999858;1440
2022484408;14/04/2016;10690;2,480000019;0,209999993;4,820000172;0;32;3;257;1148;2312;7,510000184;1440
2022484408;15/04/2016;11034;1,940000057;0,310000002;5,78000021;0;27;9;282;1122;2525;8,030000269;1440
2022484408;16/04/2016;10100;3,150000095;0,550000012;3,390000105;0;41;11;151;1237;2177;7,090000212;1440
2022484408;17/04/2016;15112;3,869999886;0,660000026;6,880000114;0;28;29;331;1052;2782;11,41000003;1440
2022484408;18/04/2016;14131;3,640000105;0,119999997;6,300000191;0;48;3;311;1078;2770;10,06000029;1440
2022484408;19/04/2016;11548;3,289999962;0,239999995;5;0;31;7;250;1152;2489;8,529999956;1440
2022484408;20/04/2016;15112;3,339999914;1,929999948;5,400000095;0;48;63;276;1053;2897;10,66999996;1440
2022484408;21/04/2016;12453;3,329999924;1,110000014;4,309999943;0;104;53;255;1028;3158;8,749999881;1440
2022484408;22/04/2016;12954;4,429999828;0,419999987;4,46999979;0;52;10;273;1105;2638;9,319999605;1440
2022484408;23/04/2016;6001;0;0;4,210000038;0;0;0;249;1191;2069;4,210000038;1440
2022484408;24/04/2016;13481;4,550000191;1,149999976;4,579999924;0;37;26;216;1161;2529;10,28000009;1440
2022484408;25/04/2016;11369;3,329999924;0,219999999;4,460000038;0;44;8;217;1171;2470;8,009999961;1440
2022484408;26/04/2016;10119;1,429999948;0,660000026;5,110000134;0;55;24;275;1086;2793;7,200000107;1440
2022484408;27/04/2016;10159;1,039999962;0,970000029;5,119999886;0;19;20;282;1119;2463;7,129999876;1440
2022484408;28/04/2016;10140;0,409999996;1,330000043;5,389999866;0;6;20;291;1123;2296;7,129999906;1440
2022484408;29/04/2016;10245;0,479999989;1,210000038;5,5;0;21;40;281;1098;2611;7,190000027;1440
2022484408;30/04/2016;18387;0,939999998;1,399999976;10,56999969;0;13;23;361;1043;2732;12,90999967;1440
2022484408;01/05/2016;10538;1,940000057;0,959999979;4,5;0;25;28;245;1142;2380;7,400000036;1440
2022484408;02/05/2016;10379;2,609999895;0,340000004;4,329999924;0;36;8;277;1119;2473;7,279999822;1440
2022484408;03/05/2016;12183;3,99000001;0,460000008;4,28000021;0;72;14;250;1104;2752;8,730000228;1440
2022484408;04/05/2016;11768;2,50999999;0,930000007;4,849999905;0;36;27;272;1105;2649;8,289999902;1440
2022484408;05/05/2016;11895;2,789999962;0,860000014;4,699999809;0;55;20;253;1112;2609;8,349999785;1440
2022484408;06/05/2016;10227;1,870000005;0,670000017;4,639999866;0;24;17;295;1104;2498;7,179999888;1440
2022484408;07/05/2016;6708;1,610000014;0,079999998;3,019999981;0;20;2;149;1269;1995;4,709999993;1440
2022484408;08/05/2016;3292;0;0;2,309999943;0;0;0;135;1305;1848;2,309999943;1440
2022484408;09/05/2016;13379;2,119999886;1,629999995;5,639999866;0;35;47;297;1061;2709;9,389999747;1440
2022484408;10/05/2016;12798;2,220000029;1,210000038;5,559999943;0;57;28;271;1084;2797;8,99000001;1440
2022484408;11/05/2016;13272;4,179999828;1,149999976;3,99000001;0;58;25;224;1133;2544;9,319999814;1440
2022484408;12/05/2016;9117;1,279999971;0,670000017;4,440000057;0;16;16;236;728;1853;6,390000045;996
2026352035;12/04/2016;4414;0,189999998;0,349999994;2,200000048;0;3;8;181;706;1459;2,740000039;898
2026352035;13/04/2016;4993;0;0;3,099999905;0;0;0;238;663;1521;3,099999905;901
2026352035;14/04/2016;3335;0;0;2,049999952;0;0;0;197;653;1431;2,049999952;850
2026352035;15/04/2016;3821;0;0;2,369999886;0;0;0;188;687;1444;2,369999886;875
2026352035;16/04/2016;2547;0;0;1,580000043;0;0;0;150;728;1373;1,580000043;878
2026352035;17/04/2016;838;0;0;0,519999981;0;0;0;60;1053;1214;0,519999981;1113
2026352035;18/04/2016;3325;0;0;2,059999943;0;0;0;182;1062;1419;2,059999943;1244
2026352035;19/04/2016;2424;0;0;1,5;0;0;0;141;785;1356;1,5;926
2026352035;20/04/2016;7222;0;0;4,480000019;0;0;0;327;623;1667;4,480000019;950
2026352035;21/04/2016;2467;0;0;1,529999971;0;0;0;153;749;1370;1,529999971;902
2026352035;22/04/2016;2915;0;0;1,809999943;0;0;0;162;712;1399;1,809999943;874
2026352035;23/04/2016;12357;0;0;7,710000038;0;0;0;432;458;1916;7,710000038;890
2026352035;24/04/2016;3490;0;0;2,160000086;0;0;0;164;704;1401;2,160000086;868
2026352035;25/04/2016;6017;0;0;3,730000019;0;0;0;260;821;1576;3,730000019;1081
2026352035;26/04/2016;5933;0;0;3,680000067;0;0;0;288;1018;1595;3,680000067;1306
2026352035;27/04/2016;6088;0;0;3,769999981;0;0;0;286;586;1593;3,769999981;872
2026352035;28/04/2016;6375;0;0;3,950000048;0;0;0;331;626;1649;3,950000048;957
2026352035;29/04/2016;7604;0;0;4,710000038;0;0;0;352;492;1692;4,710000038;844
2026352035;30/04/2016;4729;0;0;2,930000067;0;0;0;233;594;1506;2,930000067;827
2026352035;01/05/2016;3609;0;0;2,279999971;0;0;0;191;716;1447;2,279999971;907
2026352035;02/05/2016;7018;0;0;4,349999905;0;0;0;355;716;1690;4,349999905;1071
2026352035;03/05/2016;5992;0;0;3,720000029;0;0;0;304;981;1604;3,720000029;1285
2026352035;04/05/2016;6564;0;0;4,070000172;0;0;0;345;530;1658;4,070000172;875
2026352035;05/05/2016;12167;0;0;7,539999962;0;0;0;475;479;1926;7,539999962;954
2026352035;06/05/2016;8198;0;0;5,079999924;0;0;0;383;511;1736;5,079999924;894
2026352035;07/05/2016;4193;0;0;2,599999905;0;0;0;229;665;1491;2,599999905;894
2026352035;08/05/2016;5528;0;0;3,450000048;0;0;0;258;610;1555;3,450000048;868
2026352035;09/05/2016;10685;0;0;6,599999905;0;0;0;401;543;1869;6,599999905;944
2026352035;10/05/2016;254;0;0;0,159999996;0;0;0;17;1002;1141;0,159999996;1019
2026352035;11/05/2016;8580;0;0;5,320000172;0;0;0;330;569;1698;5,320000172;899
2026352035;12/05/2016;8891;0;0;5,510000229;0;0;0;343;330;1364;5,510000229;673
2320127002;12/04/2016;10725;1,169999957;0,310000002;6,010000229;0;13;9;306;1112;2124;7,490000188;1440
2320127002;13/04/2016;7275;0;0;4,900000095;0;0;0;335;1105;2003;4,900000095;1440
2320127002;14/04/2016;3973;0;0;2,680000067;0;0;0;191;1249;1696;2,680000067;1440
2320127002;15/04/2016;5205;0;0;3,50999999;0;0;0;245;1195;1801;3,50999999;1440
2320127002;16/04/2016;5057;0;0;3,400000095;0;0;0;195;1245;1724;3,400000095;1440
2320127002;17/04/2016;6198;0;0;4,179999828;0;0;0;249;1191;1852;4,179999828;1440
2320127002;18/04/2016;6559;0;0,25999999;4,139999866;0;0;7;260;1173;1905;4,399999857;1440
2320127002;19/04/2016;5997;0;0,379999995;3,660000086;0;0;11;228;1201;1811;4,040000081;1440
2320127002;20/04/2016;7192;0;0,49000001;4,340000153;0;0;11;283;1146;1922;4,830000162;1440
2320127002;21/04/2016;3404;0,059999999;0,419999987;1,809999943;0;1;10;127;1302;1610;2,289999928;1440
2320127002;22/04/2016;5583;0;0;3,75999999;0;0;0;266;1174;1851;3,75999999;1440
2320127002;23/04/2016;5079;0;0;3,420000076;0;0;0;242;1129;1804;3,420000076;1371
2320127002;24/04/2016;4165;0;0;2,799999952;0;0;0;204;1236;1725;2,799999952;1440
2320127002;25/04/2016;3588;0,230000004;0,200000003;1,99000001;0;3;5;152;1280;1654;2,420000017;1440
2320127002;26/04/2016;3409;0;0;2,299999952;0;0;0;147;1293;1632;2,299999952;1440
2320127002;27/04/2016;1715;0;0;1,159999967;0;0;0;82;1358;1481;1,159999967;1440
2320127002;28/04/2016;1532;0;0;1,029999971;0;0;0;76;1364;1473;1,029999971;1440
2320127002;29/04/2016;924;0;0;0,620000005;0;0;0;45;1395;1410;0,620000005;1440
2320127002;30/04/2016;4571;0;0;3,069999933;0;0;0;234;1206;1779;3,069999933;1440
2320127002;01/05/2016;772;0;0;0,519999981;0;0;0;40;1400;1403;0,519999981;1440
2320127002;02/05/2016;3634;0,360000014;0,209999993;1,879999995;0;5;6;123;1306;1613;2,450000003;1440
2320127002;03/05/2016;7443;1,49000001;0,370000005;3,160000086;0;20;10;206;1204;1878;5,0200001;1440
2320127002;04/05/2016;1201;0;0;0,810000002;0;0;0;52;1388;1426;0,810000002;1440
2320127002;05/05/2016;5202;0;0,389999986;3,109999895;0;0;11;223;1206;1780;3,499999881;1440
2320127002;06/05/2016;4878;0;0;3,289999962;0;0;0;204;1236;1742;3,289999962;1440
2320127002;07/05/2016;7379;0;0;4,96999979;0;0;0;319;1121;1972;4,96999979;1440
2320127002;08/05/2016;5161;0;0;3,470000029;0;0;0;247;1193;1821;3,470000029;1440
2320127002;09/05/2016;3090;0;0;2,079999924;0;0;0;145;1295;1630;2,079999924;1440
2320127002;10/05/2016;6227;0;0;4,199999809;0;0;0;290;1150;1899;4,199999809;1440
2320127002;11/05/2016;6424;0;0;4,329999924;0;0;0;300;1140;1903;4,329999924;1440
2320127002;12/05/2016;2661;0;0;1,789999962;0;0;0;128;830;1125;1,789999962;958
2347167796;12/04/2016;10113;2;0,620000005;4,199999809;0;28;13;320;964;2344;6,819999814;1325
2347167796;13/04/2016;10352;1,659999967;1,940000057;3,410000086;0;19;32;195;676;2038;7,01000011;922
2347167796;14/04/2016;10129;0,02;2,74000001;3,940000057;0;1;48;206;705;2010;6,700000066;960
2347167796;15/04/2016;10465;0,07;1,419999957;5,429999828;0;1;24;284;720;2133;6,919999786;1029
2347167796;16/04/2016;22244;5,449999809;4,099999905;5,53000021;0;66;72;268;968;2670;15,07999992;1374
2347167796;17/04/2016;5472;0,079999998;0,280000001;3,25999999;0;1;7;249;508;1882;3,61999999;765
2347167796;18/04/2016;8247;0,790000021;0,860000014;3,789999962;0;11;16;206;678;1944;5,439999998;911
2347167796;19/04/2016;6711;0;0;4,440000057;0;0;7;382;648;2346;4,440000057;1037
2347167796;20/04/2016;10999;0,680000007;1,809999943;4,78000021;0;11;43;269;1011;2198;7,27000016;1334
2347167796;21/04/2016;10080;1,850000024;1,529999971;3,380000114;0;23;26;208;761;2048;6,76000011;1018
2347167796;22/04/2016;7804;0,560000002;1,679999948;2,920000076;0;9;27;206;781;1946;5,160000026;1023
2347167796;23/04/2016;16901;2,779999971;1,450000048;7,150000095;0;32;35;360;591;2629;11,38000011;1018
2347167796;24/04/2016;9471;0;0;6,260000229;0;0;0;360;584;2187;6,260000229;944
2347167796;25/04/2016;9482;1,269999981;0,519999981;4,599999905;0;15;11;277;653;2095;6,389999866;956
2347167796;26/04/2016;5980;0;0;3,950000048;0;0;0;227;732;1861;3,950000048;959
2347167796;27/04/2016;11423;1,860000014;0,400000006;5,320000172;0;26;9;295;623;2194;7,580000192;953
2347167796;28/04/2016;5439;0;0;3,599999905;0;0;0;229;764;1854;3,599999905;993
2347167796;29/04/2016;42;0;0;0,029999999;0;0;0;4;2;403;0,029999999;6
2873212765;12/04/2016;8796;0,109999999;0,930000007;4,880000114;0;2;21;356;1061;1982;5,920000121;1440
2873212765;13/04/2016;7618;0;0,219999999;4,880000114;0,02;0;8;404;1028;2004;5,120000113;1440
2873212765;14/04/2016;7910;0;0;5,320000172;0;0;0;331;1109;1893;5,320000172;1440
2873212765;15/04/2016;8482;0;0;5,690000057;0,01;0;0;448;992;2063;5,700000057;1440
2873212765;16/04/2016;9685;3,109999895;0,02;3,50999999;0,01;47;1;305;1087;2148;6,649999885;1440
2873212765;17/04/2016;2524;0;0,349999994;1,340000033;0;0;8;160;1272;1529;1,690000027;1440
2873212765;18/04/2016;7762;0,07;0,280000001;4,889999866;0;1;6;311;1122;1890;5,239999868;1440
2873212765;19/04/2016;7948;0;0;5,360000134;0;0;0;389;1051;1956;5,360000134;1440
2873212765;20/04/2016;9202;1,50999999;0,119999997;4,659999847;0,01;22;5;378;1035;2094;6,299999835;1440
2873212765;21/04/2016;8859;0,129999995;0,370000005;5,46999979;0,01;2;10;371;1057;1970;5,97999979;1440
2873212765;22/04/2016;7286;0,460000008;0;4,420000076;0,02;46;0;366;1028;2241;4,900000084;1440
2873212765;23/04/2016;9317;2,089999914;0,230000004;4,019999981;0,01;28;5;330;1077;2021;6,349999899;1440
2873212765;24/04/2016;6873;3;0,059999999;1,620000005;0;46;1;190;1203;1898;4,680000003;1440
2873212765;25/04/2016;7373;0;0;4,949999809;0;0;0;359;1081;1907;4,949999809;1440
2873212765;26/04/2016;8242;0,119999997;0,180000007;5,239999771;0;2;5;309;1124;1882;5,539999776;1440
2873212765;27/04/2016;3516;0;0;2,359999895;0;46;0;197;1197;1966;2,359999895;1440
2873212765;28/04/2016;7913;2,160000086;0,340000004;2,910000086;0;28;7;213;1192;1835;5,410000175;1440
2873212765;29/04/2016;7365;1,360000014;1,409999967;2,180000067;0;20;23;206;1191;1780;4,950000048;1440
2873212765;30/04/2016;8452;0,330000013;1,080000043;4,260000229;0,01;5;20;248;1167;1830;5,680000285;1440
2873212765;01/05/2016;7399;0,49000001;1,039999962;3,440000057;0;7;18;196;1219;1739;4,970000029;1440
2873212765;02/05/2016;7525;0;0,209999993;4,829999924;0,02;0;7;334;1099;1878;5,059999917;1440
2873212765;03/05/2016;7412;0,059999999;0,25;4,659999847;0,01;1;6;363;1070;1906;4,979999846;1440
2873212765;04/05/2016;8278;0;0;5,559999943;0;0;0;420;1020;2015;5,559999943;1440
2873212765;05/05/2016;8314;0,779999971;0,800000012;4,03000021;0;13;23;311;1093;1971;5,610000193;1440
2873212765;06/05/2016;7063;0;0,119999997;4,610000134;0,01;0;5;370;1065;1910;4,740000131;1440
2873212765;07/05/2016;4940;2,279999971;0,550000012;0,550000012;0;75;11;52;1302;1897;3,379999995;1440
2873212765;08/05/2016;8168;2,900000095;0;2,640000105;0;46;0;326;1068;2096;5,5400002;1440
2873212765;09/05/2016;7726;0;0;5,190000057;0;0;0;345;1095;1906;5,190000057;1440
2873212765;10/05/2016;8275;0;0;5,550000191;0,01;0;0;373;1067;1962;5,560000191;1440
2873212765;11/05/2016;6440;0;0;4,320000172;0,01;0;0;319;1121;1826;4,330000171;1440
2873212765;12/05/2016;7566;0;0;5,110000134;0;0;0;268;720;1431;5,110000134;988
3372868164;12/04/2016;4747;0;0;3,230000019;0,01;0;0;280;1160;1788;3,240000019;1440
3372868164;13/04/2016;9715;0,99000001;0,340000004;5,269999981;0,02;16;8;371;1045;2093;6,619999994;1440
3372868164;14/04/2016;8844;0,340000004;1,029999971;4,650000095;0,01;6;25;370;1039;2065;6,03000007;1440
3372868164;15/04/2016;7451;0;0;5,059999943;0,02;0;0;335;1105;1908;5,079999942;1440
3372868164;16/04/2016;6905;0;0;4,699999809;0,029999999;0;0;356;1084;1908;4,729999809;1440
3372868164;17/04/2016;8199;1,409999967;0,100000001;4,360000134;0,01;11;2;322;1105;1964;5,880000101;1440
3372868164;18/04/2016;6798;1,080000043;0,200000003;3,349999905;0;20;7;343;1070;2014;4,629999951;1440
3372868164;19/04/2016;7711;0;0;5,239999771;0,02;0;0;376;1064;1985;5,259999771;1440
3372868164;20/04/2016;4880;0,839999974;0,090000004;2,380000114;0,02;15;3;274;1148;1867;3,330000091;1440
3372868164;21/04/2016;8857;1,149999976;0,25999999;4,639999866;0,01;18;9;376;1037;2124;6,059999833;1440
3372868164;22/04/2016;3843;0;0;2,609999895;0,01;0;0;206;1234;1669;2,619999895;1440
3372868164;23/04/2016;7396;1,399999976;0,079999998;3,579999924;0;20;2;303;1115;1995;5,059999898;1440
3372868164;24/04/2016;6731;0,889999986;0,189999998;3,49000001;0,02;14;7;292;1127;1921;4,589999992;1440
3372868164;25/04/2016;5995;0;0;4,090000153;0;0;0;416;1024;2010;4,090000153;1440
3372868164;26/04/2016;8283;1,850000024;0,050000001;3,869999886;0,01;22;2;333;1083;2057;5,77999991;1440
3372868164;27/04/2016;7904;1,580000043;0,629999995;3,190000057;0,01;24;13;346;1057;2095;5,410000095;1440
3372868164;28/04/2016;5512;0;0;3,75999999;0;0;0;385;1055;1972;3,75999999;1440
3372868164;29/04/2016;9135;0;0;6,21999979;0,01;0;0;402;1038;2044;6,22999979;1440
3372868164;30/04/2016;5250;1,059999943;0,090000004;2,420000076;0,01;17;4;300;1119;1946;3,580000022;1440
3372868164;01/05/2016;3077;0;0;2,089999914;0;0;0;172;842;1237;2,089999914;1014
3977333714;12/04/2016;8856;3,059999943;0,910000026;2,00999999;0;44;19;131;777;1450;5,979999959;971
3977333714;13/04/2016;10035;2,029999971;2,130000114;2,549999952;0;31;46;153;754;1495;6,710000038;984
3977333714;14/04/2016;7641;0,319999993;0,970000029;3,819999933;0;5;23;214;801;1433;5,109999955;1043
3977333714;15/04/2016;9010;1,049999952;1,75;3,25999999;0;15;42;183;644;1468;6,059999943;884
3977333714;16/04/2016;13459;2,029999971;4;2,970000029;0;31;83;153;663;1625;9;930
3977333714;17/04/2016;10415;0,699999988;2,349999905;3,920000076;0;11;58;205;600;1529;6,969999969;874
3977333714;18/04/2016;11663;0,25;3,730000019;3,819999933;0;4;95;214;605;1584;7,799999952;918
3977333714;19/04/2016;12414;2,24000001;2,450000048;3,960000038;0;19;67;221;738;1638;8,650000095;1045
3977333714;20/04/2016;11658;0,200000003;4,349999905;3,279999971;0;2;98;164;845;1554;7,829999879;1109
3977333714;21/04/2016;6093;0;0;4,059999943;0;0;0;242;712;1397;4,059999943;954
3977333714;22/04/2016;8911;2,329999924;0,579999983;3,059999943;0;33;12;188;731;1481;5,96999985;964
3977333714;23/04/2016;12058;0;4,21999979;3,849999905;0;0;92;252;724;1638;8,069999695;1068
3977333714;24/04/2016;14112;3,269999981;4,559999943;2,170000076;0;30;95;129;660;1655;10;914
3977333714;25/04/2016;11177;5,619999886;0,430000007;2,410000086;0;50;9;133;781;1570;8,459999979;973
3977333714;26/04/2016;11388;0,449999988;4,21999979;2,950000048;0;7;95;170;797;1551;7,619999826;1069
3977333714;27/04/2016;7193;0;0,419999987;4,619999886;0;0;10;176;714;1377;5,039999872;900
3977333714;28/04/2016;7114;1,370000005;0,289999992;3,220000029;0;15;8;190;804;1407;4,880000025;1017
3977333714;29/04/2016;10645;3,74000001;1,299999952;2,710000038;0;36;32;150;744;1545;7,75;962
3977333714;30/04/2016;13238;3,690000057;2,099999905;3,410000086;0;43;52;194;687;1650;9,200000048;976
3977333714;01/05/2016;10414;2,670000076;1,980000019;2,410000086;0;41;40;124;691;1501;7,060000181;896
3977333714;02/05/2016;16520;1,539999962;6,480000019;3,019999981;0;24;143;176;713;1760;11,03999996;1056
3977333714;03/05/2016;14335;3,319999933;1,74000001;4,53000021;0;47;41;258;594;1710;9,590000153;940
3977333714;04/05/2016;13559;1,809999943;4,579999924;2,890000105;0;14;96;142;852;1628;9,279999971;1104
3977333714;05/05/2016;12312;1,75999999;4,110000134;2,710000038;0;14;88;178;680;1618;8,580000162;960
3977333714;06/05/2016;11677;3,109999895;2,50999999;2,670000076;0;29;55;168;676;1590;8,289999962;928
3977333714;07/05/2016;11550;0;4,130000114;3,589999914;0;0;86;208;703;1574;7,720000029;997
3977333714;08/05/2016;13585;0,680000007;5,239999771;3,170000076;0;9;116;171;688;1633;9,089999855;984
3977333714;09/05/2016;14687;0,769999981;5,599999905;3,549999952;0;8;122;151;1159;1667;9,919999838;1440
3977333714;10/05/2016;13072;0,07;5,400000095;3,309999943;0;1;115;196;676;1630;8,780000038;988
3977333714;11/05/2016;746;0,370000005;0;0,129999995;0;4;0;9;13;52;0,5;26
4020332650;12/04/2016;8539;0,150000006;0,239999995;5,679999828;0;4;15;331;712;3654;6,069999829;1062
4020332650;13/04/2016;0;0;0;0;0;0;0;0;1440;1981;0;1440
4020332650;14/04/2016;108;0;0;0,029999999;0;0;0;3;1437;2011;0,029999999;1440
4020332650;15/04/2016;1882;0,209999993;0,360000014;0,769999981;0;36;18;87;1299;2951;1,339999989;1440
4020332650;16/04/2016;1982;0,449999988;0,370000005;0,589999974;0;65;21;55;1222;3051;1,409999967;1363
4020332650;17/04/2016;16;0;0;0,01;0;0;0;2;1438;1990;0,01;1440
4020332650;18/04/2016;62;0;0;0,039999999;0;0;0;2;1438;1995;0,039999999;1440
4020332650;19/04/2016;0;0;0;0;0;0;0;0;1440;1980;0;1440
4020332650;20/04/2016;0;0;0;0;0;0;0;0;1440;1980;0;1440
4020332650;21/04/2016;0;0;0;0;0;0;0;0;1440;1980;0;1440
4020332650;22/04/2016;0;0;0;0;0;0;0;0;1440;1980;0;1440
4020332650;23/04/2016;0;0;0;0;0;0;0;0;1440;1980;0;1440
4020332650;24/04/2016;0;0;0;0;0;0;0;0;1440;1980;0;1440
4020332650;25/04/2016;0;0;0;0;0;0;0;0;1440;1980;0;1440
4020332650;26/04/2016;0;0;0;0;0;0;0;0;1440;1980;0;1440
4020332650;27/04/2016;0;0;0;0;0;0;0;0;1440;1980;0;1440
4020332650;28/04/2016;0;0;0;0;0;0;0;0;1440;1980;0;1440
4020332650;29/04/2016;0;0;0;0;0;0;0;0;1440;1980;0;1440
4020332650;30/04/2016;0;0;0;0;0;0;0;0;1440;1980;0;1440
4020332650;01/05/2016;0;0;0;0;0;0;0;0;1440;1980;0;1440
4020332650;02/05/2016;475;0;0,039999999;0,289999992;0;0;11;31;1350;2207;0,329999991;1392
4020332650;03/05/2016;4496;0;0;3,150000095;0,050000001;0;0;174;950;2828;3,200000096;1124
4020332650;04/05/2016;10252;0,670000017;1,039999962;5,579999924;0;13;46;346;531;3879;7,289999902;936
4020332650;05/05/2016;11728;2,619999886;1,679999948;4,039999962;0,07;38;42;196;916;3429;8,409999795;1192
4020332650;06/05/2016;4369;0;0;3,099999905;0,01;0;0;177;855;2704;3,109999904;1032
4020332650;07/05/2016;6132;0;0;3,579999924;0;0;0;184;1256;2975;3,579999924;1440
4020332650;08/05/2016;5862;0;0;4,150000095;0;0;0;263;775;3089;4,150000095;1038
4020332650;09/05/2016;4556;0,200000003;0,119999997;2,940000057;0;3;5;173;1225;2785;3,260000058;1406
4020332650;10/05/2016;5546;0;0;3,869999886;0,039999999;0;0;206;774;2926;3,909999885;980
4020332650;11/05/2016;3689;0,109999999;0,170000002;2,329999924;0;2;8;134;1296;2645;2,609999925;1440
4020332650;12/05/2016;590;0;0;0,409999996;0;0;0;21;721;1120;0,409999996;742
4319703577;12/04/2016;7753;0;0;0;0;0;0;0;1440;2115;0;1440
4319703577;13/04/2016;8204;0,529999971;0,589999974;1,309999943;0;8;15;96;1234;2135;2,429999888;1353
4319703577;14/04/2016;10210;0,109999999;0,330000013;6,440000057;0;1;9;339;589;2302;6,88000007;938
4319703577;15/04/2016;5664;0;0;3,799999952;0;0;0;228;752;1985;3,799999952;980
4319703577;16/04/2016;4744;0;0;3,180000067;0;0;0;194;724;1884;3,180000067;918
4319703577;17/04/2016;29;0;0;0,02;0;0;0;3;1363;1464;0,02;1366
4319703577;18/04/2016;2276;0,07;0,330000013;1,120000005;0;1;9;58;824;1632;1,520000018;892
4319703577;19/04/2016;8925;0;0;5,989999771;0;0;0;311;604;2200;5,989999771;915
4319703577;20/04/2016;8954;0;0,680000007;5,309999943;0;0;18;306;671;2220;5,98999995;995
4319703577;21/04/2016;3702;0;0;0,349999994;0;0;0;34;1265;1792;0,349999994;1299
4319703577;22/04/2016;4500;0,059999999;0,810000002;2,150000095;0;1;19;176;709;1886;3,020000096;905
4319703577;23/04/2016;4935;0;0;3,309999943;0;0;0;233;546;1945;3,309999943;779
4319703577;24/04/2016;4081;0,059999999;0,200000003;2,470000029;0;1;5;191;692;1880;2,73000003;889
4319703577;25/04/2016;9259;0;0,280000001;5,929999828;0;0;8;390;544;2314;6,20999983;942
4319703577;26/04/2016;9899;0,569999993;0,920000017;5,150000095;0;8;21;288;649;2236;6,640000105;966
4319703577;27/04/2016;10780;0,409999996;1,919999957;4,909999847;0;6;47;300;680;2324;7,239999801;1033
4319703577;28/04/2016;10817;1,00999999;0,330000013;5,940000057;0;13;8;359;552;2367;7,280000061;932
4319703577;29/04/2016;7990;0,449999988;0,790000021;4,119999886;0;6;18;289;624;2175;5,359999895;937
4319703577;30/04/2016;8221;0,400000006;1,610000014;3,50999999;0;6;38;196;695;2092;5,520000011;935
4319703577;01/05/2016;1251;0;0;0,839999974;0;0;0;67;836;1593;0,839999974;903
4319703577;02/05/2016;9261;0;0,439999998;5,710000038;0;0;11;344;585;2270;6,150000036;940
4319703577;03/05/2016;9648;0,579999983;1,070000052;4,829999924;0;8;26;287;669;2235;6,479999959;990
4319703577;04/05/2016;10429;0,589999974;0,579999983;5,849999905;0;8;13;313;1106;2282;7,019999862;1440
4319703577;05/05/2016;13658;2,630000114;1,409999967;5,449999809;0;27;34;328;957;2530;9,48999989;1346
4319703577;06/05/2016;9524;0,409999996;0,469999999;5,460000038;0;6;11;314;692;2266;6,340000033;1023
4319703577;07/05/2016;7937;0,189999998;1,049999952;4,079999924;0;3;28;279;586;2158;5,319999874;896
4319703577;08/05/2016;3672;0;0;2,460000038;0;0;0;153;603;1792;2,460000038;756
4319703577;09/05/2016;10378;0,140000001;0,560000002;6,25;0;2;14;374;490;2345;6,950000003;880
4319703577;10/05/2016;9487;0,209999993;0,460000008;5,699999809;0;3;12;329;555;2260;6,369999811;899
4319703577;11/05/2016;9129;0,200000003;0,74000001;5,179999828;0;3;18;311;574;2232;6,119999841;906
4319703577;12/05/2016;17;0;0;0,01;0;0;0;2;0;257;0,01;2
4388161847;12/04/2016;10122;0;0;0;0;0;0;0;1440;2955;0;1440
4388161847;13/04/2016;10993;0,059999999;0,629999995;3,880000114;0;1;14;150;1275;3092;4,570000108;1440
4388161847;14/04/2016;8863;0,129999995;1,070000052;5,619999886;0;10;35;219;945;2998;6,819999933;1209
4388161847;15/04/2016;8758;0;0;6,730000019;0;0;0;299;837;3066;6,730000019;1136
4388161847;16/04/2016;6580;0,209999993;0,400000006;4,449999809;0;6;9;253;609;3073;5,059999809;877
4388161847;17/04/2016;4660;0;0;3,579999924;0;0;0;201;721;2572;3,579999924;922
4388161847;18/04/2016;11009;3,559999943;0,400000006;5,139999866;0;27;8;239;1017;3274;9,099999815;1291
4388161847;19/04/2016;10181;1,370000005;0,689999998;5,769999981;0;20;16;249;704;3015;7,829999983;989
4388161847;20/04/2016;10553;1,100000024;1,720000029;5,289999962;0;19;42;228;696;3083;8,110000014;985
4388161847;21/04/2016;10055;0,370000005;0,389999986;6,980000019;0;7;12;272;853;3069;7,74000001;1144
4388161847;22/04/2016;12139;3,299999952;1,110000014;4,920000076;0;77;25;220;945;3544;9,330000043;1267
4388161847;23/04/2016;13236;4,5;0,319999993;5,349999905;0;58;5;215;749;3306;10,1699999;1027
4388161847;24/04/2016;10243;1,080000043;0,50999999;6,300000191;0;14;8;239;584;2885;7,890000224;845
4388161847;25/04/2016;12961;0,730000019;1,399999976;7,840000153;0;11;31;301;1054;3288;9,970000148;1397
4388161847;26/04/2016;9461;0,939999998;1,059999943;5,269999981;0;14;23;224;673;2929;7,269999921;934
4388161847;27/04/2016;11193;0,699999988;2,50999999;5,389999866;0;11;48;241;684;3074;8,599999845;984
4388161847;28/04/2016;10074;1,289999962;0,430000007;6,03000021;0;19;9;234;878;2969;7,750000179;1140
4388161847;29/04/2016;9232;0,800000012;0,889999986;5,420000076;0;13;16;236;1175;2979;7,110000074;1440
4388161847;30/04/2016;12533;0,699999988;2;6,940000057;0;14;43;300;537;3283;9,640000045;894
4388161847;01/05/2016;10255;1,00999999;0,680000007;6,199999809;0;12;15;241;579;2926;7,889999807;847
4388161847;02/05/2016;10096;3,769999981;0,079999998;4,550000191;0;33;4;204;935;3147;8,40000017;1176
4388161847;03/05/2016;12727;1,129999995;0,779999971;7,880000114;0;18;18;306;984;3290;9,790000081;1326
4388161847;04/05/2016;12375;2,789999962;0,930000007;5,800000191;0;35;21;251;632;3162;9,52000016;939
4388161847;05/05/2016;9603;0,629999995;1,669999957;5,090000153;0;12;39;199;896;2899;7,390000105;1146
4388161847;06/05/2016;13175;2,109999895;2,089999914;5,929999828;0;33;45;262;1100;3425;10,12999964;1440
4388161847;07/05/2016;22770;9,449999809;2,769999981;5,329999924;0;120;56;260;508;4022;17,54999971;944
4388161847;08/05/2016;17298;9,890000343;1,25999999;3,230000019;0;107;38;178;576;3934;14,38000035;899
4388161847;09/05/2016;10218;0,340000004;0,730000019;6,789999962;0;6;19;258;1020;3013;7,859999985;1303
4388161847;10/05/2016;10299;0,810000002;0,649999976;6,460000038;0;13;14;267;648;3061;7,920000017;942
4388161847;11/05/2016;10201;0,529999971;0,790000021;6,53000021;0;8;18;256;858;2954;7,850000203;1140
4388161847;12/05/2016;3369;0;0;2,589999914;0;0;0;108;825;1623;2,589999914;933
4445114986;12/04/2016;3276;0;0;2,200000048;0;0;0;196;787;2113;2,200000048;983
4445114986;13/04/2016;2961;0;0;1,99000001;0;0;0;194;840;2095;1,99000001;1034
4445114986;14/04/2016;3974;0;0;2,670000076;0;0;0;231;717;2194;2,670000076;948
4445114986;15/04/2016;7198;0;0;4,829999924;0;0;0;350;711;2496;4,829999924;1061
4445114986;16/04/2016;3945;0;0;2,650000095;0;0;0;225;716;2180;2,650000095;941
4445114986;17/04/2016;2268;0;0;1,519999981;0;0;0;114;1219;1933;1,519999981;1333
4445114986;18/04/2016;6155;2;0,289999992;1,950000048;0;25;6;162;1247;2248;4,240000039;1440
4445114986;19/04/2016;2064;0;0;1,389999986;0;0;0;121;895;1954;1,389999986;1016
4445114986;20/04/2016;2072;0;0;1,389999986;0;0;0;137;841;1974;1,389999986;978
4445114986;21/04/2016;3809;0;0;2,539999962;0;0;0;215;756;2150;2,539999962;971
4445114986;22/04/2016;6831;0;0;4,579999924;0;0;0;317;706;2432;4,579999924;1023
4445114986;23/04/2016;4363;0;0;2,930000067;0;0;0;201;1239;2149;2,930000067;1440
4445114986;24/04/2016;5002;0;0;3,359999895;0;0;0;244;1196;2247;3,359999895;1440
4445114986;25/04/2016;3385;0;0;2,269999981;0;0;0;179;916;2070;2,269999981;1095
4445114986;26/04/2016;6326;2,410000086;0,039999999;1,960000038;0;29;1;180;839;2291;4,410000123;1049
4445114986;27/04/2016;7243;2,619999886;0,029999999;2,380000114;0;32;1;194;839;2361;5,029999999;1066
4445114986;28/04/2016;4493;0;0;3,00999999;0;0;0;236;762;2203;3,00999999;998
4445114986;29/04/2016;4676;0;0;3,130000114;0;0;0;226;1106;2196;3,130000114;1332
4445114986;30/04/2016;6222;0;0;4,179999828;0;0;0;290;797;2363;4,179999828;1087
4445114986;01/05/2016;5232;0;0;3,50999999;0;0;0;240;741;2246;3,50999999;981
4445114986;02/05/2016;6910;2,210000038;0,189999998;2,349999905;0;27;4;200;667;2336;4,74999994;898
4445114986;03/05/2016;7502;2,480000019;0,109999999;2,579999924;0;30;2;233;725;2421;5,169999942;990
4445114986;04/05/2016;2923;0;0;1,960000038;0;0;0;180;897;2070;1,960000038;1077
4445114986;05/05/2016;3800;0,119999997;0,239999995;2,180000067;0;2;6;185;734;2120;2,540000059;927
4445114986;06/05/2016;4514;0;0;3,029999971;0;0;0;229;809;2211;3,029999971;1038
4445114986;07/05/2016;5183;2,130000114;0,189999998;1,25;0;26;4;108;866;2123;3,570000112;1004
4445114986;08/05/2016;7303;0;0,25;4,650000095;0;0;8;308;733;2423;4,900000095;1049
4445114986;09/05/2016;5275;0;0;3,539999962;0;0;0;266;641;2281;3,539999962;907
4445114986;10/05/2016;3915;0;0;2,630000114;0;0;0;231;783;2181;2,630000114;1014
4445114986;11/05/2016;9105;2,25;1;2,859999895;0;34;22;232;622;2499;6,109999895;910
4445114986;12/05/2016;768;0;0;0,519999981;0;0;0;58;380;1212;0,519999981;438
4558609924;12/04/2016;5135;0;0;3,390000105;0;0;0;318;1122;1909;3,390000105;1440
4558609924;13/04/2016;4978;1,24000001;0,439999998;1,610000014;0;19;7;127;1287;1722;3,290000021;1440
4558609924;14/04/2016;6799;0;0;4,489999771;0;0;0;279;1161;1922;4,489999771;1440
4558609924;15/04/2016;7795;0,589999974;0,839999974;3,730000019;0;17;30;262;1131;2121;5,159999967;1440
4558609924;16/04/2016;7289;0,550000012;0,75;3,5;0;8;12;308;1112;1997;4,800000012;1440
4558609924;17/04/2016;9634;0,550000012;1,139999986;4,710000038;0;7;19;304;1110;2117;6,400000036;1440
4558609924;18/04/2016;8940;0,980000019;0,930000007;4;0;14;15;331;1080;2116;5,910000026;1440
4558609924;19/04/2016;5401;0,050000001;0,360000014;3,160000086;0;1;9;248;1182;1876;3,570000101;1440
4558609924;20/04/2016;4803;0;0;3,170000076;0;0;0;222;1218;1788;3,170000076;1440
4558609924;21/04/2016;13743;0,419999987;0,970000029;7,699999809;0;6;21;432;844;2486;9,089999825;1303
4558609924;22/04/2016;9601;1,370000005;1,5;3,470000029;0;20;25;273;1122;2094;6,340000033;1440
4558609924;23/04/2016;6890;0,340000004;0,200000003;4,010000229;0;5;5;308;1122;2085;4,550000235;1440
4558609924;24/04/2016;8563;0;0;5,650000095;0;0;0;395;1045;2173;5,650000095;1440
4558609924;25/04/2016;8095;0,589999974;0,25;4,510000229;0;18;10;340;993;2225;5,350000203;1361
4558609924;26/04/2016;9148;0,430000007;2,029999971;3,589999914;0;12;41;283;1062;2223;6,049999893;1398
4558609924;27/04/2016;9557;1,960000038;0,889999986;3,460000038;0;27;14;312;1087;2098;6,310000062;1440
4558609924;28/04/2016;9451;0,02;0,270000011;5,949999809;0;1;11;367;985;2185;6,23999982;1364
4558609924;29/04/2016;7833;1,019999981;1,850000024;2,309999943;0;15;29;197;1096;1918;5,179999948;1337
4558609924;30/04/2016;10319;0,469999999;1,889999986;4,460000038;0;7;29;293;1111;2105;6,820000023;1440
4558609924;01/05/2016;3428;0;0;2,269999981;0;0;0;190;1121;1692;2,269999981;1311
4558609924;02/05/2016;7891;0;0;5,21999979;0;0;0;383;1057;2066;5,21999979;1440
4558609924;03/05/2016;5267;0,600000024;0,280000001;2,599999905;0;21;10;237;1172;1953;3,47999993;1440
4558609924;04/05/2016;5232;0;0;3,460000038;0;0;0;252;1188;1842;3,460000038;1440
4558609924;05/05/2016;10611;1,00999999;0,5;5,510000229;0;14;8;370;1048;2262;7,020000219;1440
4558609924;06/05/2016;3755;0;0;2,480000019;0;0;0;202;1238;1722;2,480000019;1440
4558609924;07/05/2016;8237;1,610000014;1;2,829999924;0;23;16;233;1116;1973;5,439999938;1388
4558609924;08/05/2016;6543;1,799999952;0,5;2,019999981;0;66;35;238;1019;2666;4,319999933;1358
4558609924;09/05/2016;11451;0,430000007;1,620000005;5,519999981;0;6;30;339;1065;2223;7,569999993;1440
4558609924;10/05/2016;6435;0,74000001;1,120000005;2,390000105;0;11;18;220;1191;1889;4,250000119;1440
4558609924;11/05/2016;9108;0,25999999;1,820000052;3,940000057;0;4;31;324;1081;2131;6,0200001;1440
4558609924;12/05/2016;6307;0;0;4,170000076;0;0;0;247;736;1452;4,170000076;983
4702921684;12/04/2016;7213;0;0;5,849999905;0;0;0;263;718;2947;5,849999905;981
4702921684;13/04/2016;6877;0;0;5,579999924;0;0;0;258;777;2898;5,579999924;1035
4702921684;14/04/2016;7860;0;0;6,369999886;0;0;0;271;772;2984;6,369999886;1043
4702921684;15/04/2016;6506;0,07;0,419999987;4,789999962;0;1;8;256;944;2896;5,279999949;1209
4702921684;16/04/2016;11140;0,239999995;1,25;7,539999962;0;3;24;335;556;3328;9,029999956;918
4702921684;17/04/2016;12692;0,959999979;3,460000038;5,880000114;0;12;66;302;437;3394;10,30000013;817
4702921684;18/04/2016;9105;1,820000052;1,49000001;4,070000172;0;22;30;191;890;3013;7,380000234;1133
4702921684;19/04/2016;6708;0,879999995;0,370000005;4,190000057;0;10;8;179;757;2812;5,440000057;954
4702921684;20/04/2016;8793;0,159999996;1,230000019;5,730000019;0;2;29;260;717;3061;7,120000035;1008
4702921684;21/04/2016;6530;0,310000002;2,049999952;2,940000057;0;4;41;144;901;2729;5,300000012;1090
4702921684;22/04/2016;1664;0;0;1,350000024;0;0;0;72;1341;2241;1,350000024;1413
4702921684;23/04/2016;15126;0,75999999;3,24000001;8,270000458;0;9;66;408;469;3691;12,27000046;952
4702921684;24/04/2016;15050;1,200000048;5,119999886;5,880000114;0;15;95;281;542;3538;12,20000005;933
4702921684;25/04/2016;9167;0,49000001;0,819999993;6,110000134;0;6;15;270;730;3064;7,420000136;1021
4702921684;26/04/2016;6108;0,07;0,349999994;4,539999962;0;1;8;216;765;2784;4,959999956;990
4702921684;27/04/2016;7047;0,090000004;0,800000012;4,78000021;0;1;16;238;733;2908;5,670000225;988
4702921684;28/04/2016;9023;1,129999995;0,419999987;5,769999981;0;14;9;232;738;3033;7,319999963;993
4702921684;29/04/2016;9930;1,059999943;0,920000017;6,070000172;0;12;19;267;692;3165;8,050000131;990
4702921684;30/04/2016;10144;0,319999993;2,029999971;5,880000114;0;4;36;263;728;3115;8,230000079;1031
4702921684;01/05/2016;0;0;0;0;0;0;0;0;1440;2017;0;1440
4702921684;02/05/2016;7245;0,379999995;1,74000001;3,75999999;0;5;40;195;1131;2859;5,879999995;1371
4702921684;03/05/2016;9454;0;0;7,670000076;0;0;0;313;729;3145;7,670000076;1042
4702921684;04/05/2016;8161;0,340000004;0,730000019;5,539999962;0;4;15;251;757;3004;6,609999985;1027
4702921684;05/05/2016;8614;0,670000017;0,219999999;6,090000153;0;8;5;241;745;3006;6,980000168;999
4702921684;06/05/2016;6943;0,079999998;0,660000026;4,869999886;0;1;16;207;682;2859;5,60999991;906
4702921684;07/05/2016;14370;0,370000005;2,309999943;8,970000267;0;5;46;439;577;3683;11,65000021;1067
4702921684;08/05/2016;12857;0,680000007;6,210000038;3,539999962;0;9;125;192;1019;3287;10,43000001;1345
4702921684;09/05/2016;8232;0;0,569999993;6,099999905;0;0;12;253;746;2990;6,669999897;1011
4702921684;10/05/2016;10613;0,079999998;1,879999995;6,650000095;0;1;37;262;701;3172;8,610000089;1001
4702921684;11/05/2016;9810;0,779999971;2,160000086;4,980000019;0;10;41;235;784;3069;7,920000076;1070
4702921684;12/05/2016;2752;0;0;2,230000019;0;0;0;68;241;1240;2,230000019;309
5553957443;12/04/2016;11596;1,370000005;0,790000021;5,409999847;0;19;13;277;767;2026;7,569999874;1076
5553957443;13/04/2016;4832;0;0;3,160000086;0;0;0;226;647;1718;3,160000086;873
5553957443;14/04/2016;17022;4;2,450000048;4,670000076;0;61;41;256;693;2324;11,12000012;1051
5553957443;15/04/2016;16556;4,159999847;1,980000019;4,710000038;0;58;38;239;689;2254;10,8499999;1024
5553957443;16/04/2016;5771;0;0;3,769999981;0;0;0;288;521;1831;3,769999981;809
5553957443;17/04/2016;655;0;0;0,430000007;0;0;0;46;943;1397;0,430000007;989
5553957443;18/04/2016;3727;0;0;2,430000067;0;0;0;206;622;1683;2,430000067;828
5553957443;19/04/2016;15482;4,28000021;1,659999967;4,179999828;0;69;28;249;756;2284;10,12;1102
5553957443;20/04/2016;2713;0;0;1,769999981;0;0;0;148;598;1570;1,769999981;746
5553957443;21/04/2016;12346;2,950000048;2,160000086;2,960000038;0;47;42;177;801;2066;8,070000172;1067
5553957443;22/04/2016;11682;1,379999995;0,629999995;5,599999905;0;25;16;270;781;2105;7,609999895;1092
5553957443;23/04/2016;4112;0;0;2,680000067;0;0;0;272;443;1776;2,680000067;715
5553957443;24/04/2016;1807;0;0;1,179999948;0;0;0;104;582;1507;1,179999948;686
5553957443;25/04/2016;10946;2,930000067;0,569999993;3,690000057;0;51;11;201;732;2033;7,190000117;995
5553957443;26/04/2016;11886;2,369999886;0,930000007;4,460000038;0;40;18;238;750;2093;7,759999931;1046
5553957443;27/04/2016;10538;1,139999986;1;4,739999771;0;16;16;206;745;1922;6,879999757;983
5553957443;28/04/2016;11393;3,710000038;0,75;3,170000076;0;49;13;165;727;1999;7,630000114;954
5553957443;29/04/2016;12764;2,789999962;0,639999986;4,909999847;0;46;15;270;709;2169;8,339999795;1040
5553957443;30/04/2016;1202;0;0;0,779999971;0;0;0;84;506;1463;0,779999971;590
5553957443;01/05/2016;5164;0;0;3,369999886;0;0;0;237;436;1747;3,369999886;673
5553957443;02/05/2016;9769;1,059999943;0,409999996;4,900000095;0;23;9;227;724;1996;6,370000035;983
5553957443;03/05/2016;12848;1,5;1,200000048;5,679999828;0;26;29;247;812;2116;8,379999876;1114
5553957443;04/05/2016;4249;0;0;2,769999981;0;0;0;224;651;1698;2,769999981;875
5553957443;05/05/2016;14331;3,430000067;1,659999967;4,429999828;0;44;29;241;692;2156;9,519999862;1006
5553957443;06/05/2016;9632;1,519999981;0,540000021;4,230000019;0;21;9;229;761;1916;6,290000021;1020
5553957443;07/05/2016;1868;0;0;1,220000029;0;0;0;96;902;1494;1,220000029;998
5553957443;08/05/2016;6083;0,219999999;0,469999999;3,299999952;0;3;8;210;505;1762;3,98999995;726
5553957443;09/05/2016;11611;2,130000114;0,889999986;4,559999943;0;59;22;251;667;2272;7,580000043;999
5553957443;10/05/2016;16358;3,869999886;1,610000014;5,199999809;0;61;40;265;707;2335;10,67999971;1073
5553957443;11/05/2016;4926;0;0;3,220000029;0;0;0;195;628;1693;3,220000029;823
5553957443;12/05/2016;3121;0,579999983;0,400000006;1,059999943;0;8;6;48;222;741;2,039999932;284
5577150313;12/04/2016;8135;3,599999905;0,379999995;2,099999905;0;86;16;140;728;3405;6,079999804;970
5577150313;13/04/2016;5077;0,319999993;0,219999999;3,25;0;15;11;144;776;2551;3,789999992;946
5577150313;14/04/2016;8596;3,329999924;0,310000002;2,779999971;0;118;30;176;662;4022;6,419999897;986
5577150313;15/04/2016;12087;3,920000076;1,600000024;3,559999943;0;115;54;199;695;4005;9,080000043;1063
5577150313;16/04/2016;14269;6,639999866;1,279999971;2,730000019;0;184;56;158;472;4274;10,64999986;870
5577150313;17/04/2016;12231;5,980000019;0,829999983;2,319999933;0;200;37;159;525;4552;9,129999936;921
5577150313;18/04/2016;9893;4,860000134;0,720000029;1,820000052;0;114;32;130;623;3625;7,400000215;899
5577150313;19/04/2016;12574;7,019999981;0,639999986;1,75999999;0;108;23;111;733;3501;9,419999957;975
5577150313;20/04/2016;8330;4,119999886;0,340000004;1,75999999;0;87;16;113;773;3192;6,21999988;989
5577150313;21/04/2016;10830;3,650000095;1,659999967;2,779999971;0;110;74;175;670;4018;8,090000033;1029
5577150313;22/04/2016;9172;2,420000076;0,790000021;3,299999952;0;62;30;200;823;3329;6,51000005;1115
5577150313;23/04/2016;7638;1,210000038;0,360000014;4,139999866;0;24;24;223;627;3152;5,709999919;898
5577150313;24/04/2016;15764;7,650000095;2,150000095;1,980000019;0;210;65;141;425;4392;11,78000021;841
5577150313;25/04/2016;6393;1,350000024;0,670000017;2,75999999;0;61;38;214;743;3374;4,780000031;1056
5577150313;26/04/2016;5325;0,850000024;0,649999976;2,470000029;0;38;32;181;759;3088;3,970000029;1010
5577150313;27/04/2016;6805;1,809999943;0,400000006;2,930000067;0;63;16;190;773;3294;5,140000015;1042
5577150313;28/04/2016;9841;3,25;1,169999957;3,00999999;0;99;51;141;692;3580;7,429999948;983
5577150313;29/04/2016;7924;2,839999914;0,610000014;2,470000029;0;97;36;165;739;3544;5,919999957;1037
5577150313;30/04/2016;12363;5,829999924;0,790000021;2,609999895;0;207;45;163;621;4501;9,22999984;1036
5577150313;01/05/2016;13368;5,309999943;1,440000057;3,24000001;0;194;72;178;499;4546;9,99000001;943
5577150313;02/05/2016;7439;1,120000005;0,349999994;4,070000172;0;37;20;235;732;3014;5,54000017;1024
5577150313;03/05/2016;11045;4,519999981;0,150000006;3,569999933;0;97;8;212;580;3795;8,23999992;897
5577150313;04/05/2016;5206;1,559999943;0,25;2,079999924;0;25;9;141;631;2755;3,889999866;806
5577150313;05/05/2016;7550;2,5;0,469999999;2,670000076;0;45;21;143;1153;3004;5,640000075;1362
5577150313;06/05/2016;4950;1,929999948;0,319999993;1,450000048;0;41;16;79;1304;2643;3,699999988;1440
5577150313;07/05/2016;0;0;0;0;0;0;0;0;1440;1819;0;1440
5577150313;08/05/2016;0;0;0;0;0;0;0;0;1440;1819;0;1440
5577150313;09/05/2016;3421;1,429999948;0,140000001;0,99000001;0;34;11;70;1099;2489;2,559999958;1214
5577150313;10/05/2016;8869;2,559999943;0,75;3,349999905;0;104;37;194;639;3841;6,659999847;974
5577150313;11/05/2016;4038;1,830000043;0,300000012;0,889999986;0;45;15;63;257;1665;3,020000041;380
6117666160;12/04/2016;0;0;0;0;0;0;0;0;1440;1496;0;1440
6117666160;13/04/2016;0;0;0;0;0;0;0;0;1440;1496;0;1440
6117666160;14/04/2016;0;0;0;0;0;0;0;0;1440;1496;0;1440
6117666160;15/04/2016;14019;0;0,280000001;10,30000019;0;0;6;513;921;2865;10,58000019;1440
6117666160;16/04/2016;14450;0,579999983;0,850000024;9,479999542;0;7;15;518;502;2828;10,90999955;1042
6117666160;17/04/2016;7150;0;0;5,400000095;0;0;0;312;702;2225;5,400000095;1014
6117666160;18/04/2016;5153;0;0;3,890000105;0;0;0;241;759;2018;3,890000105;1000
6117666160;19/04/2016;11135;0;0;8,409999847;0;0;0;480;425;2606;8,409999847;905
6117666160;20/04/2016;10449;2,029999971;0,479999989;5,519999981;0;26;10;349;587;2536;8,029999942;972
6117666160;21/04/2016;19542;0,980000019;0,400000006;5,619999886;0;11;19;294;579;4900;6,999999911;903
6117666160;22/04/2016;8206;0;0;6,199999809;0;0;0;402;413;2409;6,199999809;815
6117666160;23/04/2016;11495;0;0;8,680000305;0;0;0;512;468;2651;8,680000305;980
6117666160;24/04/2016;7623;0;0;5,760000229;0;0;0;362;711;2305;5,760000229;1073
6117666160;25/04/2016;0;0;0;0;0;0;0;0;1440;1497;0;1440
6117666160;26/04/2016;9543;0;0,340000004;6,869999886;0;0;7;352;1077;2450;7,209999889;1436
6117666160;27/04/2016;9411;0;0;7,110000134;0;0;0;458;417;2576;7,110000134;875
6117666160;28/04/2016;3403;0;0;2,599999905;0;0;0;141;758;1879;2,599999905;899
6117666160;29/04/2016;9592;0;0;7,239999771;0;0;0;461;479;2560;7,239999771;940
6117666160;30/04/2016;6987;0;0;5,28000021;0;0;0;343;1040;2275;5,28000021;1383
6117666160;01/05/2016;8915;0;0;6,730000019;0;0;0;397;525;2361;6,730000019;922
6117666160;02/05/2016;4933;0;0;3,730000019;0;0;0;236;1204;2044;3,730000019;1440
6117666160;03/05/2016;0;0;0;0;0;0;0;0;1440;1496;0;1440
6117666160;04/05/2016;2997;0;0;2,25999999;0;0;0;156;1279;1902;2,25999999;1435
6117666160;05/05/2016;9799;0;0;7,400000095;0;0;0;487;479;2636;7,400000095;966
6117666160;06/05/2016;3365;0;0;2,680000067;0;0;0;133;673;1838;2,680000067;806
6117666160;07/05/2016;7336;0;0;5,539999962;0;0;0;412;456;2469;5,539999962;868
6117666160;08/05/2016;7328;0;0;5,53000021;0;0;0;318;517;2250;5,53000021;835
6117666160;09/05/2016;4477;0;0;3,380000114;0;0;0;197;125;1248;3,380000114;322
6290855005;12/04/2016;4562;0;0;3,450000048;0;0;0;199;1241;2560;3,450000048;1440
6290855005;13/04/2016;7142;0;0;5,389999866;0,01;0;0;350;1090;2905;5,399999866;1440
6290855005;14/04/2016;7671;0;0;5,769999981;0,029999999;0;0;363;1077;2952;5,79999998;1440
6290855005;15/04/2016;9501;0;0;7,170000076;0,01;0;0;328;1112;2896;7,180000076;1440
6290855005;16/04/2016;8301;0;0;6,269999981;0,01;0;0;258;1182;2783;6,279999981;1440
6290855005;17/04/2016;7851;1,139999986;0,790000021;4;0;31;12;225;1172;3171;5,930000007;1440
6290855005;18/04/2016;6885;0;0;5,190000057;0,02;0;0;271;1169;2766;5,210000057;1440
6290855005;19/04/2016;7142;0;0;5,389999866;0,01;0;0;321;1119;2839;5,399999866;1440
6290855005;20/04/2016;6361;0;0;4,800000191;0,01;0;0;258;1182;2701;4,810000191;1440
6290855005;21/04/2016;0;0;0;0;0;0;0;0;1440;2060;0;1440
6290855005;22/04/2016;6238;0;0;4,71999979;0;0;0;302;1138;2796;4,71999979;1440
6290855005;23/04/2016;0;0;0;0;0;33;0;0;1407;2664;0;1440
6290855005;24/04/2016;5896;0;0;4,460000038;0;0;0;258;1182;2703;4,460000038;1440
6290855005;25/04/2016;7802;0,680000007;0,180000007;5,03000021;0,01;8;3;249;1180;2771;5,900000224;1440
6290855005;26/04/2016;0;0;0;0;0;0;0;0;1440;2060;0;1440
6290855005;27/04/2016;5565;0;0;4,179999828;0,029999999;0;0;287;1153;2743;4,209999828;1440
6290855005;28/04/2016;5731;0;0;4,329999924;0;0;0;255;1185;2687;4,329999924;1440
6290855005;29/04/2016;0;0;0;0;0;0;0;0;1440;2060;0;1440
6290855005;30/04/2016;6744;0;0;5,090000153;0,01;0;0;324;1116;2843;5,100000152;1440
6290855005;01/05/2016;9837;0,660000026;2,75;4;0,02;8;95;282;1055;3327;7,430000026;1440
6290855005;02/05/2016;6781;0;0;5,110000134;0,02;0;0;268;1172;2725;5,130000133;1440
6290855005;03/05/2016;6047;0;0;4,570000172;0;0;0;240;1200;2671;4,570000172;1440
6290855005;04/05/2016;5832;0;0;4,400000095;0,01;0;0;272;1168;2718;4,410000095;1440
6290855005;05/05/2016;6339;0;0;4,789999962;0;0;0;239;1201;2682;4,789999962;1440
6290855005;06/05/2016;6116;0;0;4,590000153;0,029999999;0;0;305;1135;2806;4,620000152;1440
6290855005;07/05/2016;5510;0;0;4,159999847;0;0;0;227;1213;2613;4,159999847;1440
6290855005;08/05/2016;7706;0;0;5,820000172;0;0;0;251;1189;2712;5,820000172;1440
6290855005;09/05/2016;6277;0;0;4,730000019;0,02;0;0;264;800;2175;4,750000019;1064
6290855005;10/05/2016;0;0;0;0;0;0;0;0;1440;0;0;1440
6775888955;12/04/2016;0;0;0;0;0;0;0;0;1440;1841;0;1440
6775888955;13/04/2016;4053;1,110000014;0,579999983;1,220000029;0;17;18;85;1053;2400;2,910000026;1173
6775888955;14/04/2016;5162;0,870000005;0,860000014;1,970000029;0;14;24;105;863;2507;3,700000048;1006
6775888955;15/04/2016;1282;0;0;0,920000017;0;0;0;58;976;2127;0,920000017;1034
6775888955;16/04/2016;4732;2,519999981;0,810000002;0,059999999;0;36;18;9;1377;2225;3,389999982;1440
6775888955;17/04/2016;2497;0,349999994;1,129999995;0,310000002;0;5;24;19;1392;2067;1,789999992;1440
6775888955;18/04/2016;8294;2;0,769999981;3,170000076;0;30;31;146;1233;2798;5,940000057;1440
6775888955;19/04/2016;0;0;0;0;0;0;0;0;1440;1841;0;1440
6775888955;20/04/2016;10771;3,769999981;1,74000001;2,220000029;0;70;113;178;1079;3727;7,730000019;1440
6775888955;21/04/2016;0;0;0;0;0;0;0;0;1440;1841;0;1440
6775888955;22/04/2016;637;0;0;0,460000008;0;0;0;20;1420;1922;0,460000008;1440
6775888955;23/04/2016;0;0;0;0;0;0;0;0;1440;1841;0;1440
6775888955;24/04/2016;2153;0,769999981;0,620000005;0,150000006;0;11;18;11;1400;2053;1,539999992;1440
6775888955;25/04/2016;6474;2,269999981;0,460000008;1,899999976;0;33;13;92;1302;2484;4,629999965;1440
6775888955;26/04/2016;7091;3,480000019;0,870000005;0,730000019;0;42;30;47;1321;2584;5,080000043;1440
6775888955;27/04/2016;0;0;0;0;0;0;0;0;1440;1841;0;1440
6775888955;28/04/2016;703;0,059999999;0,200000003;0,239999995;0;2;13;15;1410;1993;0,499999996;1440
6775888955;29/04/2016;0;0;0;0;0;0;0;0;1440;1841;0;1440
6775888955;30/04/2016;2503;0,159999996;0,159999996;1,480000019;0;3;9;84;1344;2280;1,800000012;1440
6775888955;01/05/2016;2487;0,479999989;0,620000005;0,680000007;0;9;34;50;1347;2319;1,780000001;1440
6775888955;02/05/2016;0;0;0;0;0;0;0;0;1440;1841;0;1440
6775888955;03/05/2016;9;0;0;0,01;0;0;0;1;1439;1843;0,01;1440
6775888955;04/05/2016;0;0;0;0;0;0;0;0;1440;1841;0;1440
6775888955;05/05/2016;0;0;0;0;0;0;0;0;1440;1841;0;1440
6775888955;06/05/2016;4697;0,469999999;0,930000007;1,929999948;0;12;35;75;1318;2496;3,329999954;1440
6775888955;07/05/2016;1967;0,129999995;0,239999995;1,049999952;0;2;5;49;551;1032;1,419999942;607
6962181067;12/04/2016;10199;3,400000095;0,829999983;2,50999999;0;50;14;189;796;1994;6,740000069;1049
6962181067;13/04/2016;5652;0,569999993;1,210000038;1,960000038;0;8;24;142;548;1718;3,740000069;722
6962181067;14/04/2016;1551;0;0;1,029999971;0;0;0;86;862;1466;1,029999971;948
6962181067;15/04/2016;5563;0;0;3,680000067;0;0;0;217;837;1756;3,680000067;1054
6962181067;16/04/2016;13217;3,660000086;0,189999998;4,880000114;0;50;3;280;741;2173;8,730000198;1074
6962181067;17/04/2016;10145;0,330000013;0,680000007;5,690000057;0;5;13;295;634;2027;6,700000077;947
6962181067;18/04/2016;11404;0,829999983;2,390000105;4,320000172;0;13;42;238;689;2039;7,54000026;982
6962181067;19/04/2016;10742;2,099999905;2,130000114;2,869999886;0;35;41;195;659;2046;7,099999905;930
6962181067;20/04/2016;13928;4,28000021;0,189999998;5,090000153;0;48;4;297;639;2174;9,56000036;988
6962181067;21/04/2016;11835;3,99000001;2,099999905;3,50999999;0,109999999;53;27;214;708;2179;9,709999904;1002
6962181067;22/04/2016;10725;1,769999981;1,549999952;3,769999981;0;30;33;240;659;2086;7,089999914;962
6962181067;23/04/2016;20031;4,199999809;2;7,039999962;0;58;41;347;484;2571;13,23999977;930
6962181067;24/04/2016;5029;0;0;3,319999933;0;0;0;199;720;1705;3,319999933;919
6962181067;25/04/2016;13239;3,019999981;1,679999948;4,460000038;0,100000001;35;31;282;637;2194;9,259999968;985
6962181067;26/04/2016;10433;2,579999924;0,419999987;3,900000095;0;36;7;254;680;2012;6,900000006;977
6962181067;27/04/2016;10320;0,550000012;2,019999981;4,25;0;7;38;279;697;2034;6,819999993;1021
6962181067;28/04/2016;12627;2,50999999;0,239999995;5,590000153;0;38;8;288;621;2182;8,340000138;955
6962181067;29/04/2016;10762;0,819999993;0,479999989;5,809999943;0;12;15;369;645;2254;7,109999925;1041
6962181067;30/04/2016;10081;2,24000001;0,75999999;3,670000076;0;32;16;237;731;2002;6,670000076;1016
6962181067;01/05/2016;5454;0;0;3,609999895;0;0;0;215;722;1740;3,609999895;937
6962181067;02/05/2016;12912;1,200000048;2;5,340000153;0;18;39;313;655;2162;8,5400002;1025
6962181067;03/05/2016;12109;1,74000001;2,039999962;4,329999924;0;21;36;267;654;2072;8,109999895;978
6962181067;04/05/2016;10147;0,469999999;1,679999948;4,550000191;0;15;36;284;683;2086;6,700000137;1018
6962181067;05/05/2016;10524;0,99000001;1,159999967;4,809999943;0;14;22;305;591;2066;6,959999919;932
6962181067;06/05/2016;5908;0;0;3,910000086;0;0;0;299;717;1850;3,910000086;1016
6962181067;07/05/2016;6815;0;0;4,5;0;0;0;328;745;1947;4,5;1073
6962181067;08/05/2016;4188;0;0,519999981;2,25;0;0;14;151;709;1659;2,769999981;874
6962181067;09/05/2016;12342;3,900000095;1,179999948;3,650000095;0;43;21;231;607;2105;8,730000138;902
6962181067;10/05/2016;15448;3,470000029;1,75;4,989999771;0;62;34;275;626;2361;10,2099998;997
6962181067;11/05/2016;6722;1,49000001;0,310000002;2,650000095;0;24;7;199;709;1855;4,450000107;939
6962181067;12/05/2016;3587;0;0,25;2,109999895;0;0;8;105;127;928;2,359999895;240
7007744171;12/04/2016;14172;4,5;0,379999995;5,409999847;0;53;8;355;1024;2937;10,28999984;1440
7007744171;13/04/2016;12862;4,610000134;0,560000002;4,480000019;0;56;22;261;1101;2742;9,650000155;1440
7007744171;14/04/2016;11179;2,950000048;0,340000004;4,960000038;0;34;6;304;1096;2668;8,250000089;1440
7007744171;15/04/2016;5273;0;0;3,529999971;0;0;0;202;1238;2098;3,529999971;1440
7007744171;16/04/2016;4631;0;0;3,099999905;0;0;0;203;1155;2076;3,099999905;1358
7007744171;17/04/2016;8059;0;0;5,389999866;0;0;0;305;1135;2383;5,389999866;1440
7007744171;18/04/2016;14816;3,789999962;2,119999886;5,050000191;0,02;48;31;284;1077;2832;10,98000004;1440
7007744171;19/04/2016;14194;4,409999847;0,75999999;5,309999943;0;53;17;304;1066;2812;10,47999978;1440
7007744171;20/04/2016;15566;4,789999962;0,670000017;5,860000134;0;60;33;347;1000;3096;11,32000011;1440
7007744171;21/04/2016;13744;2,150000095;1,870000005;5,170000076;0;30;34;327;1049;2763;9,190000176;1440
7007744171;22/04/2016;15299;4,099999905;1,75999999;4,369999886;0;64;50;261;1065;2889;10,22999978;1440
7007744171;23/04/2016;8093;0,129999995;1,129999995;4,150000095;0;2;25;223;1190;2284;5,410000086;1440
7007744171;24/04/2016;11085;0;0;7,420000076;0;0;0;419;1021;2667;7,420000076;1440
7007744171;25/04/2016;18229;4,309999943;1,370000005;7,670000076;0;51;24;379;986;3055;13,35000002;1440
7007744171;26/04/2016;15090;0,930000007;0,939999998;8,229999542;0;16;22;424;978;2939;10,09999955;1440
7007744171;27/04/2016;13541;4,269999981;0,660000026;5,289999962;0;50;12;337;1041;2830;10,21999997;1440
7007744171;28/04/2016;15128;1,090000033;0,769999981;8,260000229;0;16;16;401;1007;2836;10,12000024;1440
7007744171;29/04/2016;20067;4,309999943;2,049999952;7,949999809;0;55;42;382;961;3180;14,3099997;1440
7007744171;30/04/2016;3761;0;0;2,519999981;0;0;0;200;1240;2051;2,519999981;1440
7007744171;01/05/2016;5600;0;0;3,75;0;0;0;237;1142;2225;3,75;1379
7007744171;02/05/2016;13041;4,639999866;0,699999988;3,829999924;0;64;14;250;1112;2642;9,169999778;1440
7007744171;03/05/2016;14510;4,480000019;1,019999981;5,360000134;0;58;31;330;1021;2976;10,86000013;1440
7007744171;04/05/2016;0;0;0;0;0;0;0;0;1440;1557;0;1440
7007744171;05/05/2016;15010;4,329999924;1,289999962;5,480000019;0;53;23;317;1047;2933;11,0999999;1440
7007744171;06/05/2016;11459;3;0,810000002;3,859999895;0;44;13;247;1136;2553;7,669999897;1440
7007744171;07/05/2016;0;0;0;0;0;0;0;0;111;120;0;111
7086361926;12/04/2016;11317;5,269999981;0,150000006;2,970000029;0;59;6;153;745;2772;8,390000015;963
7086361926;13/04/2016;5813;0,560000002;0,209999993;2,839999914;0;31;26;155;744;2516;3,60999991;956
7086361926;14/04/2016;9123;2,029999971;0,330000013;3,660000086;0;35;32;189;787;2734;6,02000007;1043
7086361926;15/04/2016;8585;2,039999962;1,110000014;2,529999971;0;30;21;139;864;2395;5,679999948;1054
7086361926;16/04/2016;31;0;0;0,01;0;0;0;3;1437;1635;0,01;1440
7086361926;17/04/2016;0;0;0;0;0;0;0;0;1440;1629;0;1440
7086361926;18/04/2016;9827;3,170000076;1,220000029;2,309999943;0;61;51;114;1136;2743;6,700000048;1362
7086361926;19/04/2016;10688;3,529999971;1,230000019;2,50999999;0;67;69;124;671;2944;7,269999981;931
7086361926;20/04/2016;14365;7,639999866;0,449999988;2,539999962;0;87;13;145;797;2997;10,62999982;1042
7086361926;21/04/2016;9469;1,360000014;0,300000012;4,510000229;0;19;6;206;758;2463;6,170000255;989
7086361926;22/04/2016;9753;2,869999886;0,970000029;2,670000076;0;58;59;153;762;2846;6,50999999;1032
7086361926;23/04/2016;2817;0;0;1,799999952;0;0;0;90;1350;1965;1,799999952;1440
7086361926;24/04/2016;3520;0;0;2,150000095;0;0;0;125;566;2049;2,150000095;691
7086361926;25/04/2016;10091;3,75;0,699999988;2,369999886;0;69;39;129;706;2752;6,819999874;943
7086361926;26/04/2016;10387;4,159999847;0,769999981;2,119999886;0;70;33;132;726;2781;7,049999714;961
7086361926;27/04/2016;11107;5,630000114;0,180000007;2,529999971;0;55;6;145;829;2693;8,340000093;1035
7086361926;28/04/2016;11584;2,789999962;1,639999986;3,359999895;0;54;48;161;810;2862;7,789999843;1073
7086361926;29/04/2016;7881;0,49000001;0,449999988;4;0;24;36;182;1198;2616;4,939999998;1440
7086361926;30/04/2016;14560;3,119999886;1,039999962;5,239999771;0;42;17;308;584;2995;9,399999619;951
7086361926;01/05/2016;12390;2,299999952;0,899999976;4,849999905;0;30;15;258;685;2730;8,049999833;988
7086361926;02/05/2016;10052;3,480000019;0,660000026;2,660000086;0;66;26;139;737;2754;6,800000131;968
7086361926;03/05/2016;10288;2,74000001;0,850000024;3,160000086;0;57;36;152;761;2754;6,750000119;1006
7086361926;04/05/2016;10988;5,28000021;0,119999997;2,900000095;0;45;12;135;843;2655;8,300000302;1035
7086361926;05/05/2016;8564;1,779999971;0,829999983;2,950000048;0;24;14;149;1253;2386;5,560000002;1440
7086361926;06/05/2016;12461;3,819999933;1,429999948;3,119999886;0;84;35;154;834;2924;8,369999766;1107
7086361926;07/05/2016;12827;1,460000038;2,329999924;4,679999828;0;20;42;209;621;2739;8,46999979;892
7086361926;08/05/2016;10677;2,309999943;1,529999971;3,25;0;32;27;147;695;2534;7,089999914;901
7086361926;09/05/2016;13566;4,260000229;1,710000038;3,119999886;0;67;50;171;743;2960;9,090000153;1031
7086361926;10/05/2016;14433;7,110000134;1,200000048;2,450000048;0;72;23;106;1182;2800;10,76000023;1383
7086361926;11/05/2016;9572;2,890000105;1,389999986;2,230000019;0;57;40;128;757;2735;6,51000011;982
7086361926;12/05/2016;3789;0,379999995;0,270000011;1,889999986;0;5;4;58;343;1199;2,539999992;410
8053475328;12/04/2016;18060;11,64000034;0,389999986;2,099999905;0;116;8;123;1193;3186;14,13000023;1440
8053475328;13/04/2016;16433;10,43000031;0,469999999;2,450000048;0;95;12;156;1177;3140;13,35000035;1440
8053475328;14/04/2016;20159;12,34000015;0,209999993;3,359999895;0;119;5;193;1123;3411;15,91000004;1440
8053475328;15/04/2016;20669;13,26000023;0,389999986;2,589999914;0;132;8;158;1142;3410;16,24000013;1440
8053475328;16/04/2016;14549;9,359999657;0,270000011;1,49000001;0;96;6;83;1255;2867;11,11999968;1440
8053475328;17/04/2016;18827;9,239999771;0,800000012;3,640000105;0;111;21;195;1113;3213;13,67999989;1440
8053475328;18/04/2016;17076;9,079999924;0,230000004;3,349999905;0;102;6;195;1137;3133;12,65999983;1440
8053475328;19/04/2016;15929;9,220000267;0,310000002;2,950000048;0;90;7;191;1152;3114;12,48000032;1440
8053475328;20/04/2016;15108;9,579999924;0,230000004;2,380000114;0;89;5;158;695;3043;12,19000004;947
8053475328;21/04/2016;16057;9,670000076;0,25;2,579999924;0;100;6;170;1164;3103;12,5;1440
8053475328;22/04/2016;10520;6,260000229;0,150000006;1,879999995;0;60;3;117;1260;2655;8,29000023;1440
8053475328;23/04/2016;22359;12,53999996;0,629999995;4,019999981;0;125;14;223;741;3554;17,18999994;1103
8053475328;24/04/2016;22988;13,13000011;1,549999952;3,25999999;0;129;33;182;1096;3577;17,94000006;1440
8053475328;25/04/2016;20500;11,36999989;0,460000008;3,859999895;0;118;9;209;1104;3403;15,68999979;1440
8053475328;26/04/2016;12685;6,309999943;0,200000003;3,099999905;0;68;5;185;1182;2846;9,60999985;1440
8053475328;27/04/2016;12422;6,460000038;0,430000007;2,930000067;0;60;10;183;1187;2852;9,820000112;1440
8053475328;28/04/2016;15447;9,670000076;0,389999986;2,349999905;0;90;9;153;1188;3062;12,40999997;1440
8053475328;29/04/2016;12315;6,170000076;0,310000002;3,170000076;0;58;8;159;1215;2794;9,650000155;1440
8053475328;30/04/2016;7135;2,99000001;0,059999999;2,539999962;0;27;1;131;1281;2408;5,58999997;1440
8053475328;01/05/2016;1170;0;0;0,850000024;0;0;0;51;1389;1886;0,850000024;1440
8053475328;02/05/2016;1969;0;0;1,429999948;0;0;0;95;1345;1988;1,429999948;1440
8053475328;03/05/2016;15484;8,390000343;0,930000007;2,589999914;0;87;22;165;1166;3023;11,91000026;1440
8053475328;04/05/2016;14581;8,819999695;0,400000006;1,909999967;0;89;8;123;1220;2918;11,12999967;1440
8053475328;05/05/2016;14990;8,850000381;0,449999988;2,210000038;0;93;9;130;1208;2950;11,51000041;1440
8053475328;06/05/2016;13953;9,100000381;0,689999998;1,210000038;0;90;15;90;1245;2859;11,00000042;1440
8053475328;07/05/2016;19769;12,43999958;0,879999995;2,349999905;0;121;20;148;1076;3331;15,66999948;1365
8053475328;08/05/2016;22026;13,39999962;0,589999974;3,660000086;0;125;14;228;1073;3589;17,64999968;1440
8053475328;09/05/2016;12465;6,119999886;0,569999993;2,690000057;0;66;12;148;1214;2765;9,379999936;1440
8053475328;10/05/2016;14810;9,090000153;0,419999987;1,850000024;0;96;10;115;1219;2926;11,36000016;1440
8053475328;11/05/2016;12209;6,079999924;0,280000001;3,039999962;0;60;7;184;1189;2809;9,399999887;1440
8053475328;12/05/2016;4998;2,950000048;0,200000003;0,75999999;0;28;4;39;839;1505;3,910000041;910
8253242879;12/04/2016;9033;5,429999828;0,140000001;1,590000033;0;40;2;154;1244;2044;7,159999862;1440
8253242879;13/04/2016;8053;4,170000076;0,629999995;1,309999943;0;35;11;96;1298;1935;6,110000014;1440
8253242879;14/04/2016;5234;1,929999948;0,99000001;0,540000021;0;29;16;33;1362;1705;3,459999979;1440
8253242879;15/04/2016;2672;0;0;1,75999999;0;0;0;105;1335;1632;1,75999999;1440
8253242879;16/04/2016;9256;0,430000007;3,269999981;2,450000048;0;6;51;115;1268;1880;6,150000036;1440
8253242879;17/04/2016;10204;5,429999828;0,150000006;2,329999924;0;41;5;157;1237;2112;7,909999758;1440
8253242879;18/04/2016;5151;1,039999962;0,629999995;1,799999952;0;16;16;130;1278;1829;3,469999909;1440
8253242879;19/04/2016;4212;0;0;2,779999971;0;0;0;164;1276;1763;2,779999971;1440
8253242879;20/04/2016;6466;0,330000013;0,819999993;3,109999895;0,01;5;18;216;1201;1931;4,269999901;1440
8253242879;21/04/2016;11268;5,880000114;0,930000007;1,75;0;49;20;172;1199;2218;8,560000122;1440
8253242879;22/04/2016;2824;0;0;1,870000005;0;0;0;120;1320;1651;1,870000005;1440
8253242879;23/04/2016;9282;2,089999914;1,039999962;3,130000114;0;30;26;191;1193;2132;6,25999999;1440
8253242879;24/04/2016;8905;5,599999905;0,189999998;1,340000033;0;41;4;82;1313;1976;7,129999936;1440
8253242879;25/04/2016;6829;0,360000014;2,390000105;1,769999981;0;7;54;118;1261;1909;4,5200001;1440
8253242879;26/04/2016;4562;1,179999948;0,49000001;1,370000005;0;19;14;108;1299;1813;3,039999962;1440
8253242879;27/04/2016;10232;6,239999771;0,230000004;1,700000048;0;45;5;104;1286;2008;8,169999823;1440
8253242879;28/04/2016;2718;0,670000017;0,779999971;0,340000004;0;11;16;20;1393;1580;1,789999992;1440
8253242879;29/04/2016;6260;1,289999962;0,540000021;2,400000095;0;16;14;136;1257;1854;4,230000079;1423
8253242879;30/04/2016;0;0;0;0;0;0;0;0;1440;0;0;1440
8378563200;12/04/2016;7626;0,829999983;0,709999979;4,5;0;65;15;156;723;3635;6,039999962;959
8378563200;13/04/2016;12386;4,960000038;0,649999976;4,210000038;0;116;14;169;680;4079;9,820000052;979
8378563200;14/04/2016;13318;5,619999886;1,029999971;3,910000086;0;123;21;174;699;4163;10,55999994;1017
8378563200;15/04/2016;14461;4,909999847;1,149999976;5,409999847;0;60;23;190;729;3666;11,46999967;1002
8378563200;16/04/2016;11207;5,369999886;1,070000052;2,440000057;0;64;21;142;563;3363;8,879999995;790
8378563200;17/04/2016;2132;0;0;1,690000057;0;0;0;93;599;2572;1,690000057;692
8378563200;18/04/2016;13630;5,050000191;0,560000002;5,199999809;0;117;10;174;720;4157;10,81;1021
8378563200;19/04/2016;13070;5,300000191;0,879999995;4,179999828;0;120;19;154;737;4092;10,36000001;1030
8378563200;20/04/2016;9388;2,230000019;0,439999998;4,78000021;0;82;8;169;763;3787;7,450000226;1022
8378563200;21/04/2016;15148;6,900000095;0,819999993;4,289999962;0;137;16;145;677;4236;12,01000005;975
8378563200;22/04/2016;12200;4,909999847;0,589999974;4,179999828;0;113;12;159;769;4044;9,67999965;1053
8378563200;23/04/2016;5709;1,519999981;0,519999981;2,480000019;0;19;10;136;740;2908;4,519999981;905
8378563200;24/04/2016;3703;0;0;2,940000057;0;0;0;135;734;2741;2,940000057;869
8378563200;25/04/2016;12405;5,050000191;0,870000005;3,920000076;0;117;16;141;692;4005;9,840000272;966
8378563200;26/04/2016;16208;7,510000229;0,920000017;4,420000076;0;90;18;161;593;3763;12,85000032;862
8378563200;27/04/2016;7359;0,330000013;0,180000007;5,329999924;0;4;4;192;676;3061;5,839999944;876
8378563200;28/04/2016;5417;0,899999976;0,49000001;2,910000086;0;11;10;139;711;2884;4,300000072;871
8378563200;29/04/2016;6175;0,25;0,360000014;4,269999981;0;3;7;172;767;2982;4,879999995;949
8378563200;30/04/2016;2946;0;0;2,339999914;0;0;0;121;780;2660;2,339999914;901
8378563200;01/05/2016;11419;6,03000021;0,560000002;2,470000029;0;71;10;127;669;3369;9,060000241;877
8378563200;02/05/2016;6064;0,629999995;0,170000002;4,010000229;0;63;4;142;802;3491;4,810000226;1011
8378563200;03/05/2016;8712;1,340000033;1,059999943;4,5;0;71;20;195;822;3784;6,899999976;1108
8378563200;04/05/2016;7875;1,559999943;0,49000001;4,199999809;0;19;10;167;680;3110;6,249999762;876
8378563200;05/05/2016;8567;0,889999986;0,159999996;5,739999771;0;66;3;214;764;3783;6,789999753;1047
8378563200;06/05/2016;7045;1,549999952;0,25;3,779999971;0;74;5;166;831;3644;5,579999924;1076
8378563200;07/05/2016;4468;0;0;3,539999962;0;0;0;158;851;2799;3,539999962;1009
8378563200;08/05/2016;2943;0;0;2,329999924;0;0;0;139;621;2685;2,329999924;760
8378563200;09/05/2016;8382;1,269999981;0,660000026;4,71999979;0;71;13;171;772;3721;6,649999797;1027
8378563200;10/05/2016;6582;0,660000026;0,639999986;3,920000076;0;63;13;152;840;3586;5,220000088;1068
8378563200;11/05/2016;9143;1,389999986;0,589999974;5,269999981;0;72;10;184;763;3788;7,24999994;1029
8378563200;12/05/2016;4561;0,649999976;0,270000011;2,690000057;0;8;6;102;433;1976;3,610000044;549
8583815059;12/04/2016;5014;0;0,330000013;3,579999924;0;0;7;196;1237;2650;3,909999937;1440
8583815059;13/04/2016;5571;0,150000006;0,970000029;3,230000019;0;2;23;163;1252;2654;4,350000054;1440
8583815059;14/04/2016;3135;0;0;2,430000067;0;0;0;134;1306;2443;2,430000067;1440
8583815059;15/04/2016;3430;0;0;0,899999976;0;0;0;65;1375;2505;0,899999976;1440
8583815059;16/04/2016;5319;0;0;0;0;0;0;0;1440;2693;0;1440
8583815059;17/04/2016;3008;0;0;0;0;0;0;0;1440;2439;0;1440
8583815059;18/04/2016;3864;0,310000002;1,059999943;1,350000024;0;4;22;105;1309;2536;2,719999969;1440
8583815059;19/04/2016;5697;0,529999971;0,479999989;3,440000057;0;7;10;166;1257;2668;4,450000018;1440
8583815059;20/04/2016;5273;0;1,039999962;3,069999933;0;0;27;167;1246;2647;4,109999895;1440
8583815059;21/04/2016;8538;2,630000114;1,019999981;3,00999999;0;35;18;158;1229;2883;6,660000086;1440
8583815059;22/04/2016;8687;0,289999992;2,410000086;4,079999924;0;4;54;212;1170;2944;6,780000001;1440
8583815059;23/04/2016;9423;0,529999971;2,029999971;4,75;0;7;44;238;1151;3012;7,309999943;1440
8583815059;24/04/2016;8286;0,150000006;2,049999952;4,269999981;0;2;44;206;1188;2889;6,469999939;1440
8583815059;25/04/2016;4503;1,470000029;0,239999995;1,809999943;0;18;6;122;1294;2547;3,519999966;1440
8583815059;26/04/2016;10499;0,07;4,21999979;3,890000105;0;1;91;214;1134;3093;8,179999895;1440
8583815059;27/04/2016;12474;6,599999905;0,270000011;2,869999886;0;77;5;129;1229;3142;9,739999801;1440
8583815059;28/04/2016;6174;0;1,200000048;3,609999895;0;0;28;203;1209;2757;4,809999943;1440
8583815059;29/04/2016;15168;3,900000095;3;4,920000076;0;46;67;258;1069;3513;11,82000017;1440
8583815059;30/04/2016;10085;0,150000006;1,279999971;6,429999828;0;2;28;317;1093;3164;7,859999806;1440
8583815059;01/05/2016;4512;0,779999971;0,119999997;2,039999962;0;10;2;117;1311;2596;2,939999931;1440
8583815059;02/05/2016;8469;0;0;0;0;0;0;0;1440;2894;0;1440
8583815059;03/05/2016;12015;0;0;0;0;0;0;0;1440;3212;0;1440
8583815059;04/05/2016;3588;0;0;0;0;0;0;0;1440;2516;0;1440
8583815059;05/05/2016;12427;0;0;1,179999948;0;0;0;70;1370;3266;1,179999948;1440
8583815059;06/05/2016;5843;0,140000001;1,190000057;3,230000019;0;2;22;166;1250;2683;4,560000077;1440
8583815059;07/05/2016;6117;0;0;4,769999981;0;0;0;250;1190;2810;4,769999981;1440
8583815059;08/05/2016;9217;0,219999999;3,309999943;3,660000086;0;3;72;182;1183;2940;7,190000027;1440
8583815059;09/05/2016;9877;5,760000229;0,170000002;1,730000019;0;66;4;110;1260;2947;7,66000025;1440
8583815059;10/05/2016;8240;0,689999998;2,00999999;3,720000029;0;9;43;162;1226;2846;6,420000017;1440
8583815059;11/05/2016;8701;0,370000005;3,24000001;3,170000076;0;5;71;177;1106;2804;6,780000091;1359
8583815059;12/05/2016;0;0;0;0;0;0;0;0;1440;0;0;1440
8792009665;12/04/2016;2564;0;0;1,639999986;0;0;0;116;831;2044;1,639999986;947
8792009665;13/04/2016;1320;0;0;0,839999974;0;0;0;82;806;1934;0,839999974;888
8792009665;14/04/2016;1219;0;0;0,779999971;0;0;0;84;853;1963;0,779999971;937
8792009665;15/04/2016;2483;0;0;1,590000033;0;0;0;126;937;2009;1,590000033;1063
8792009665;16/04/2016;244;0;0;0,159999996;0;0;0;12;1428;1721;0,159999996;1440
8792009665;17/04/2016;0;0;0;0;0;0;0;0;1440;1688;0;1440
8792009665;18/04/2016;0;0;0;0;0;0;0;0;1440;1688;0;1440
8792009665;19/04/2016;0;0;0;0;0;0;0;0;1440;1688;0;1440
8792009665;20/04/2016;3147;0;0,280000001;1,74000001;0;0;10;139;744;2188;2,020000011;893
8792009665;21/04/2016;144;0;0;0,090000004;0;0;0;9;1431;1720;0,090000004;1440
8792009665;22/04/2016;4068;0,050000001;0,280000001;2,269999981;0;1;20;195;817;2419;2,599999983;1033
8792009665;23/04/2016;5245;0,159999996;0,439999998;2,75;0;8;45;232;795;2748;3,349999994;1080
8792009665;24/04/2016;400;0,039999999;0,050000001;0,159999996;0;3;8;19;1410;1799;0,249999996;1440
8792009665;25/04/2016;0;0;0;0;0;0;0;0;1440;1688;0;1440
8792009665;26/04/2016;1321;0;0;0,850000024;0;0;0;80;1360;1928;0,850000024;1440
8792009665;27/04/2016;1758;0;0;1,129999995;0;0;0;112;900;2067;1,129999995;1012
8792009665;28/04/2016;6157;0;0;3,940000057;0;0;0;310;714;2780;3,940000057;1024
8792009665;29/04/2016;8360;0,140000001;0,280000001;4,929999828;0;6;14;380;634;3101;5,34999983;1034
8792009665;30/04/2016;7174;0,330000013;0,360000014;3,910000086;0;10;20;301;749;2896;4,600000113;1080
8792009665;01/05/2016;1619;0;0;1,039999962;0;0;0;79;834;1962;1,039999962;913
8792009665;02/05/2016;1831;0;0;1,169999957;0;0;0;101;916;2015;1,169999957;1017
8792009665;03/05/2016;2421;0;0;1,549999952;0;0;0;156;739;2297;1,549999952;895
8792009665;04/05/2016;2283;0;0;1,460000038;0;0;0;129;848;2067;1,460000038;977
8792009665;05/05/2016;0;0;0;0;0;0;0;0;1440;1688;0;1440
8792009665;06/05/2016;0;0;0;0;0;0;0;0;1440;1688;0;1440
8792009665;07/05/2016;0;0;0;0;0;0;0;0;1440;1688;0;1440
8792009665;08/05/2016;0;0;0;0;0;0;0;0;1440;1688;0;1440
8792009665;09/05/2016;0;0;0;0;0;0;0;0;1440;1688;0;1440
8792009665;10/05/2016;0;0;0;0;0;0;0;0;48;57;0;48
8877689391;12/04/2016;23186;12,22000027;0,340000004;7,820000172;0;85;7;312;1036;3921;20,38000044;1440
8877689391;13/04/2016;15337;3,549999952;0,379999995;5,639999866;0;108;18;216;1098;3566;9,569999814;1440
8877689391;14/04/2016;21129;10,55000019;0,589999974;7,75;0,02;68;13;298;1061;3793;18,91000016;1440
8877689391;15/04/2016;13422;0,050000001;0,050000001;7,010000229;0,01;106;1;281;1052;3934;7,12000023;1440
8877689391;16/04/2016;29326;13,23999977;1,210000038;10,71000004;0;94;29;429;888;4547;25,15999985;1440
8877689391;17/04/2016;15118;0;0,07;8,789999962;0;58;15;307;1060;3545;8,859999962;1440
8877689391;18/04/2016;11423;2,440000057;0,270000011;5,940000057;0;29;5;191;1215;2761;8,650000125;1440
8877689391;19/04/2016;18785;12,14999962;0,180000007;5,03000021;0;82;13;214;1131;3676;17,35999984;1440
8877689391;20/04/2016;19948;11,02000046;0,689999998;6,340000153;0;73;19;225;1123;3679;18,05000061;1440
8877689391;21/04/2016;19377;12,28999996;0,419999987;4,889999866;0;82;13;226;1119;3659;17,59999982;1440
8877689391;22/04/2016;18258;10,22999954;0,029999999;5,96999979;0,050000001;61;2;236;1141;3427;16,27999933;1440
8877689391;23/04/2016;11200;0;0;7,400000095;0,01;102;6;300;1032;3891;7,410000095;1440
8877689391;24/04/2016;16674;11,01000023;0,01;4,690000057;0;64;1;227;1148;3455;15,71000029;1440
8877689391;25/04/2016;12986;2,369999886;0,07;6,269999981;0,01;113;8;218;1101;3802;8,719999867;1440
8877689391;26/04/2016;11101;1,75999999;0,129999995;6,5;0;22;3;258;1157;2860;8,389999986;1440
8877689391;27/04/2016;23629;13,06999969;0,439999998;7,099999905;0;93;8;235;1104;3808;20,6099996;1440
8877689391;28/04/2016;14890;4,929999828;0,379999995;5,96999979;0;58;8;231;1143;3060;11,27999961;1440
8877689391;29/04/2016;9733;1,379999995;0,170000002;5,789999962;0;18;5;210;1207;2698;7,339999959;1440
8877689391;30/04/2016;27745;21,65999985;0,079999998;4,929999828;0;124;4;223;1089;4398;26,66999967;1440
8877689391;01/05/2016;10930;3,130000114;0,569999993;4,570000172;0;36;12;166;1226;2786;8,270000279;1440
8877689391;02/05/2016;4790;0;0;3,559999943;0;0;0;105;1335;2189;3,559999943;1440
8877689391;03/05/2016;10818;1,389999986;0,100000001;6,670000076;0,01;19;3;229;1189;2817;8,170000063;1440
8877689391;04/05/2016;18193;10,42000008;0,310000002;5,53000021;0;66;8;212;1154;3477;16,26000029;1440
8877689391;05/05/2016;14055;5,460000038;0,819999993;4,369999886;0;67;15;188;1170;3052;10,64999992;1440
8877689391;06/05/2016;21727;12,78999996;0,289999992;6,159999847;0;96;17;232;1095;4015;19,2399998;1440
8877689391;07/05/2016;12332;0,079999998;0,959999979;6,989999771;0;105;28;271;1036;4142;8,029999748;1440
8877689391;08/05/2016;10686;1,080000043;0,200000003;6,800000191;0;17;4;245;1174;2847;8,080000237;1440
8877689391;09/05/2016;20226;11,10000038;0,800000012;6,239999771;0,050000001;73;19;217;1131;3710;18,19000017;1440
8877689391;10/05/2016;10733;1,350000024;0,460000008;6,28000021;0;18;11;224;1187;2832;8,090000242;1440
8877689391;11/05/2016;21420;13,22000027;0,409999996;5,889999866;0;88;12;213;1127;3832;19,52000013;1440
8877689391;12/05/2016;8064;1,820000052;0,039999999;4,25;0;23;1;137;770;1849;6,110000052;931
